0 2 3.1 -5.1 0.1
0.005 2.01 3.1155 -5.1255 0.1005
0.01 2.02005 3.13108 -5.15113 0.101003
0.015 2.03015 3.14673 -5.17688 0.101508
0.02 2.0403 3.16247 -5.20277 0.102015
0.025 2.0505 3.17828 -5.22878 0.102525
0.03 2.06076 3.19417 -5.25493 0.103038
0.035 2.07106 3.21014 -5.2812 0.103553
0.04 2.08141 3.22619 -5.30761 0.104071
0.045 2.09182 3.24232 -5.33414 0.104591
0.05 2.10228 3.25853 -5.36081 0.105114
0.055 2.11279 3.27483 -5.38762 0.10564
0.06 2.12336 3.2912 -5.41456 0.106168
0.065 2.13397 3.30766 -5.44163 0.106699
0.07 2.14464 3.3242 -5.46884 0.107232
0.075 2.15537 3.34082 -5.49618 0.107768
0.08 2.16614 3.35752 -5.52366 0.108307
0.085 2.17697 3.37431 -5.55128 0.108849
0.09 2.18786 3.39118 -5.57904 0.109393
0.095 2.1988 3.40814 -5.60693 0.10994
0.1 2.20979 3.42518 -5.63497 0.11049
0.105 2.22084 3.4423 -5.66314 0.111042
0.11 2.23194 3.45951 -5.69146 0.111597
0.115 2.2431 3.47681 -5.71992 0.112155
0.12 2.25432 3.4942 -5.74851 0.112716
0.125 2.26559 3.51167 -5.77726 0.11328
0.13 2.27692 3.52922 -5.80614 0.113846
0.135 2.2883 3.54687 -5.83517 0.114415
0.14 2.29975 3.56461 -5.86435 0.114987
0.145 2.31124 3.58243 -5.89367 0.115562
0.15 2.3228 3.60034 -5.92314 0.11614
0.155 2.33441 3.61834 -5.95276 0.116721
0.16 2.34609 3.63643 -5.98252 0.117304
0.165 2.35782 3.65462 -6.01243 0.117891
0.17 2.36961 3.67289 -6.04249 0.11848
0.175 2.38145 3.69125 -6.07271 0.119073
0.18 2.39336 3.70971 -6.10307 0.119668
0.185 2.40533 3.72826 -6.13359 0.120266
0.19 2.41735 3.7469 -6.16425 0.120868
0.195 2.42944 3.76563 -6.19508 0.121472
0.2 2.44159 3.78446 -6.22605 0.122079
0.205 2.4538 3.80338 -6.25718 0.12269
0.21 2.46607 3.8224 -6.28847 0.123303
0.215 2.4784 3.84151 -6.31991 0.12392
0.22 2.49079 3.86072 -6.35151 0.124539
0.225 2.50324 3.88002 -6.38327 0.125162
0.23 2.51576 3.89942 -6.41518 0.125788
0.235 2.52834 3.91892 -6.44726 0.126417
0.24 2.54098 3.93852 -6.47949 0.127049
0.245 2.55368 3.95821 -6.51189 0.127684
0.25 2.56645 3.978 -6.54445 0.128323
0.255 2.57928 3.99789 -6.57717 0.128964
0.26 2.59218 4.01788 -6.61006 0.129609
0.265 2.60514 4.03797 -6.64311 0.130257
0.27 2.61817 4.05816 -6.67633 0.130908
0.275 2.63126 4.07845 -6.70971 0.131563
0.28 2.64441 4.09884 -6.74326 0.132221
0.285 2.65764 4.11934 -6.77697 0.132882
0.29 2.67092 4.13993 -6.81086 0.133546
0.295 2.68428 4.16063 -6.84491 0.134214
0.3 2.6977 4.18144 -6.87914 0.134885
0.305 2.71119 4.20234 -6.91353 0.135559
0.31 2.72474 4.22335 -6.9481 0.136237
0.315 2.73837 4.24447 -6.98284 0.136918
0.32 2.75206 4.26569 -7.01775 0.137603
0.325 2.76582 4.28702 -7.05284 0.138291
0.33 2.77965 4.30846 -7.08811 0.138982
0.335 2.79355 4.33 -7.12355 0.139677
0.34 2.80752 4.35165 -7.15917 0.140376
0.345 2.82155 4.37341 -7.19496 0.141078
0.35 2.83566 4.39527 -7.23094 0.141783
0.355 2.84984 4.41725 -7.26709 0.142492
0.36 2.86409 4.43934 -7.30343 0.143204
0.365 2.87841 4.46153 -7.33994 0.14392
0.37 2.8928 4.48384 -7.37664 0.14464
0.375 2.90727 4.50626 -7.41353 0.145363
0.38 2.9218 4.52879 -7.45059 0.14609
0.385 2.93641 4.55144 -7.48785 0.146821
0.39 2.95109 4.57419 -7.52529 0.147555
0.395 2.96585 4.59706 -7.56291 0.148292
0.4 2.98068 4.62005 -7.60073 0.149034
0.405 2.99558 4.64315 -7.63873 0.149779
0.41 3.01056 4.66637 -7.67692 0.150528
0.415 3.02561 4.6897 -7.71531 0.151281
0.42 3.04074 4.71315 -7.75389 0.152037
0.425 3.05594 4.73671 -7.79265 0.152797
0.43 3.07122 4.7604 -7.83162 0.153561
0.435 3.08658 4.7842 -7.87078 0.154329
0.44 3.10201 4.80812 -7.91013 0.155101
0.445 3.11752 4.83216 -7.94968 0.155876
0.45 3.13311 4.85632 -7.98943 0.156655
0.455 3.14877 4.8806 -8.02938 0.157439
0.46 3.16452 4.905 -8.06952 0.158226
0.465 3.18034 4.92953 -8.10987 0.159017
0.47 3.19624 4.95418 -8.15042 0.159812
0.475 3.21222 4.97895 -8.19117 0.160611
0.48 3.22829 5.00384 -8.23213 0.161414
0.485 3.24443 5.02886 -8.27329 0.162221
0.49 3.26065 5.05401 -8.31465 0.163032
0.495 3.27695 5.07928 -8.35623 0.163848
0.5 3.29334 5.10467 -8.39801 0.164667
0.505 3.3098 5.1302 -8.44 0.16549
0.51 3.32635 5.15585 -8.4822 0.166318
0.515 3.34298 5.18163 -8.52461 0.167149
0.52 3.3597 5.20753 -8.56723 0.167985
0.525 3.3765 5.23357 -8.61007 0.168825
0.53 3.39338 5.25974 -8.65312 0.169669
0.535 3.41035 5.28604 -8.69639 0.170517
0.54 3.4274 5.31247 -8.73987 0.17137
0.545 3.44454 5.33903 -8.78357 0.172227
0.55 3.46176 5.36573 -8.82748 0.173088
0.555 3.47907 5.39255 -8.87162 0.173953
0.56 3.49646 5.41952 -8.91598 0.174823
0.565 3.51395 5.44661 -8.96056 0.175697
0.57 3.53151 5.47385 -9.00536 0.176576
0.575 3.54917 5.50122 -9.05039 0.177459
0.58 3.56692 5.52872 -9.09564 0.178346
0.585 3.58475 5.55637 -9.14112 0.179238
0.59 3.60268 5.58415 -9.18683 0.180134
0.595 3.62069 5.61207 -9.23276 0.181035
0.6 3.63879 5.64013 -9.27892 0.18194
0.605 3.65699 5.66833 -9.32532 0.182849
0.61 3.67527 5.69667 -9.37194 0.183764
0.615 3.69365 5.72516 -9.4188 0.184682
0.62 3.71212 5.75378 -9.4659 0.185606
0.625 3.73068 5.78255 -9.51323 0.186534
0.63 3.74933 5.81146 -9.56079 0.187467
0.635 3.76808 5.84052 -9.6086 0.188404
0.64 3.78692 5.86972 -9.65664 0.189346
0.645 3.80585 5.89907 -9.70492 0.190293
0.65 3.82488 5.92857 -9.75345 0.191244
0.655 3.84401 5.95821 -9.80222 0.1922
0.66 3.86323 5.988 -9.85123 0.193161
0.665 3.88254 6.01794 -9.90048 0.194127
0.67 3.90196 6.04803 -9.94999 0.195098
0.675 3.92146 6.07827 -9.99974 0.196073
0.68 3.94107 6.10866 -10.0497 0.197054
0.685 3.96078 6.13921 -10.1 0.198039
0.69 3.98058 6.1699 -10.1505 0.199029
0.695 4.00048 6.20075 -10.2012 0.200024
0.7 4.02049 6.23175 -10.2522 0.201024
0.705 4.04059 6.26291 -10.3035 0.202029
0.71 4.06079 6.29423 -10.355 0.20304
0.715 4.0811 6.3257 -10.4068 0.204055
0.72 4.1015 6.35733 -10.4588 0.205075
0.725 4.12201 6.38911 -10.5111 0.2061
0.73 4.14262 6.42106 -10.5637 0.207131
0.735 4.16333 6.45317 -10.6165 0.208167
0.74 4.18415 6.48543 -10.6696 0.209207
0.745 4.20507 6.51786 -10.7229 0.210253
0.75 4.2261 6.55045 -10.7765 0.211305
0.755 4.24723 6.5832 -10.8304 0.212361
0.76 4.26846 6.61612 -10.8846 0.213423
0.765 4.2898 6.6492 -10.939 0.21449
0.77 4.31125 6.68244 -10.9937 0.215563
0.775 4.33281 6.71585 -11.0487 0.21664
0.78 4.35447 6.74943 -11.1039 0.217724
0.785 4.37625 6.78318 -11.1594 0.218812
0.79 4.39813 6.8171 -11.2152 0.219906
0.795 4.42012 6.85118 -11.2713 0.221006
0.8 4.44222 6.88544 -11.3277 0.222111
0.805 4.46443 6.91987 -11.3843 0.223221
0.81 4.48675 6.95446 -11.4412 0.224338
0.815 4.50919 6.98924 -11.4984 0.225459
0.82 4.53173 7.02418 -11.5559 0.226587
0.825 4.55439 7.0593 -11.6137 0.227719
0.83 4.57716 7.0946 -11.6718 0.228858
0.835 4.60005 7.13007 -11.7301 0.230002
0.84 4.62305 7.16572 -11.7888 0.231152
0.845 4.64616 7.20155 -11.8477 0.232308
0.85 4.66939 7.23756 -11.907 0.23347
0.855 4.69274 7.27375 -11.9665 0.234637
0.86 4.7162 7.31012 -12.0263 0.23581
0.865 4.73979 7.34667 -12.0865 0.236989
0.87 4.76348 7.3834 -12.1469 0.238174
0.875 4.7873 7.42032 -12.2076 0.239365
0.88 4.81124 7.45742 -12.2687 0.240562
0.885 4.83529 7.49471 -12.33 0.241765
0.89 4.85947 7.53218 -12.3917 0.242974
0.895 4.88377 7.56984 -12.4536 0.244188
0.9 4.90819 7.60769 -12.5159 0.245409
0.905 4.93273 7.64573 -12.5785 0.246636
0.91 4.95739 7.68396 -12.6413 0.24787
0.915 4.98218 7.72238 -12.7046 0.249109
0.92 5.00709 7.76099 -12.7681 0.250354
0.925 5.03212 7.79979 -12.8319 0.251606
0.93 5.05729 7.83879 -12.8961 0.252864
0.935 5.08257 7.87799 -12.9606 0.254129
0.94 5.10798 7.91738 -13.0254 0.255399
0.945 5.13352 7.95696 -13.0905 0.256676
0.95 5.15919 7.99675 -13.1559 0.25796
0.955 5.18499 8.03673 -13.2217 0.259249
0.96 5.21091 8.07692 -13.2878 0.260546
0.965 5.23697 8.1173 -13.3543 0.261848
0.97 5.26315 8.15789 -13.421 0.263158
0.975 5.28947 8.19868 -13.4881 0.264473
0.98 5.31592 8.23967 -13.5556 0.265796
0.985 5.3425 8.28087 -13.6234 0.267125
0.99 5.36921 8.32227 -13.6915 0.26846
0.995 5.39605 8.36388 -13.7599 0.269803
1 5.42303 8.4057 -13.8287 0.271152
1.005 5.45015 8.44773 -13.8979 0.272507
1.01 5.4774 8.48997 -13.9674 0.27387
1.015 5.50479 8.53242 -14.0372 0.275239
1.02 5.53231 8.57508 -14.1074 0.276616
1.025 5.55997 8.61796 -14.1779 0.277999
1.03 5.58777 8.66105 -14.2488 0.279389
1.035 5.61571 8.70435 -14.3201 0.280786
1.04 5.64379 8.74787 -14.3917 0.282189
1.045 5.67201 8.79161 -14.4636 0.2836
1.05 5.70037 8.83557 -14.5359 0.285018
1.055 5.72887 8.87975 -14.6086 0.286444
1.06 5.75752 8.92415 -14.6817 0.287876
1.065 5.7863 8.96877 -14.7551 0.289315
1.07 5.81523 9.01361 -14.8288 0.290762
1.075 5.84431 9.05868 -14.903 0.292216
1.08 5.87353 9.10397 -14.9775 0.293677
1.085 5.9029 9.14949 -15.0524 0.295145
1.09 5.93241 9.19524 -15.1277 0.296621
1.095 5.96208 9.24122 -15.2033 0.298104
1.1 5.99189 9.28742 -15.2793 0.299594
1.105 6.02185 9.33386 -15.3557 0.301092
1.11 6.05196 9.38053 -15.4325 0.302598
1.115 6.08221 9.42743 -15.5096 0.304111
1.12 6.11263 9.47457 -15.5872 0.305631
1.125 6.14319 9.52194 -15.6651 0.307159
1.13 6.17391 9.56955 -15.7435 0.308695
1.135 6.20477 9.6174 -15.8222 0.310239
1.14 6.2358 9.66549 -15.9013 0.31179
1.145 6.26698 9.71382 -15.9808 0.313349
1.15 6.29831 9.76238 -16.0607 0.314916
1.155 6.3298 9.8112 -16.141 0.31649
1.16 6.36145 9.86025 -16.2217 0.318073
1.165 6.39326 9.90955 -16.3028 0.319663
1.17 6.42523 9.9591 -16.3843 0.321261
1.175 6.45735 10.0089 -16.4662 0.322868
1.18 6.48964 10.0589 -16.5486 0.324482
1.185 6.52209 10.1092 -16.6313 0.326104
1.19 6.5547 10.1598 -16.7145 0.327735
1.195 6.58747 10.2106 -16.7981 0.329374
1.2 6.62041 10.2616 -16.882 0.33102
1.205 6.65351 10.3129 -16.9665 0.332676
1.21 6.68678 10.3645 -17.0513 0.334339
1.215 6.72021 10.4163 -17.1365 0.336011
1.22 6.75381 10.4684 -17.2222 0.337691
1.225 6.78758 10.5208 -17.3083 0.339379
1.23 6.82152 10.5734 -17.3949 0.341076
1.235 6.85563 10.6262 -17.4819 0.342781
1.24 6.88991 10.6794 -17.5693 0.344495
1.245 6.92436 10.7328 -17.6571 0.346218
1.25 6.95898 10.7864 -17.7454 0.347949
1.255 6.99377 10.8403 -17.8341 0.349689
1.26 7.02874 10.8945 -17.9233 0.351437
1.265 7.06388 10.949 -18.0129 0.353194
1.27 7.0992 11.0038 -18.103 0.35496
1.275 7.1347 11.0588 -18.1935 0.356735
1.28 7.17037 11.1141 -18.2845 0.358519
1.285 7.20623 11.1697 -18.3759 0.360311
1.29 7.24226 11.2255 -18.4678 0.362113
1.295 7.27847 11.2816 -18.5601 0.363923
1.3 7.31486 11.338 -18.6529 0.365743
1.305 7.35143 11.3947 -18.7462 0.367572
1.31 7.38819 11.4517 -18.8399 0.36941
1.315 7.42513 11.509 -18.9341 0.371257
1.32 7.46226 11.5665 -19.0288 0.373113
1.325 7.49957 11.6243 -19.1239 0.374978
1.33 7.53707 11.6825 -19.2195 0.376853
1.335 7.57475 11.7409 -19.3156 0.378738
1.34 7.61263 11.7996 -19.4122 0.380631
1.345 7.65069 11.8586 -19.5093 0.382535
1.35 7.68894 11.9179 -19.6068 0.384447
1.355 7.72739 11.9775 -19.7048 0.386369
1.36 7.76603 12.0373 -19.8034 0.388301
1.365 7.80486 12.0975 -19.9024 0.390243
1.37 7.84388 12.158 -20.0019 0.392194
1.375 7.8831 12.2188 -20.1019 0.394155
1.38 7.92251 12.2799 -20.2024 0.396126
1.385 7.96213 12.3413 -20.3034 0.398106
1.39 8.00194 12.403 -20.4049 0.400097
1.395 8.04195 12.465 -20.507 0.402097
1.4 8.08216 12.5273 -20.6095 0.404108
1.405 8.12257 12.59 -20.7125 0.406128
1.41 8.16318 12.6529 -20.8161 0.408159
1.415 8.204 12.7162 -20.9202 0.4102
1.42 8.24502 12.7798 -21.0248 0.412251
1.425 8.28624 12.8437 -21.1299 0.414312
1.43 8.32767 12.9079 -21.2356 0.416384
1.435 8.36931 12.9724 -21.3417 0.418466
1.44 8.41116 13.0373 -21.4485 0.420558
1.445 8.45321 13.1025 -21.5557 0.422661
1.45 8.49548 13.168 -21.6635 0.424774
1.455 8.53796 13.2338 -21.7718 0.426898
1.46 8.58065 13.3 -21.8806 0.429032
1.465 8.62355 13.3665 -21.9901 0.431178
1.47 8.66667 13.4333 -22.1 0.433333
1.475 8.71 13.5005 -22.2105 0.4355
1.48 8.75355 13.568 -22.3216 0.437678
1.485 8.79732 13.6358 -22.4332 0.439866
1.49 8.84131 13.704 -22.5453 0.442065
1.495 8.88551 13.7725 -22.6581 0.444276
1.5 8.92994 13.8414 -22.7713 0.446497
1.505 8.97459 13.9106 -22.8852 0.448729
1.51 9.01946 13.9802 -22.9996 0.450973
1.515 9.06456 14.0501 -23.1146 0.453228
1.52 9.10988 14.1203 -23.2302 0.455494
1.525 9.15543 14.1909 -23.3464 0.457772
1.53 9.20121 14.2619 -23.4631 0.46006
1.535 9.24721 14.3332 -23.5804 0.462361
1.54 9.29345 14.4048 -23.6983 0.464673
1.545 9.33992 14.4769 -23.8168 0.466996
1.55 9.38662 14.5493 -23.9359 0.469331
1.555 9.43355 14.622 -24.0556 0.471678
1.56 9.48072 14.6951 -24.1758 0.474036
1.565 9.52812 14.7686 -24.2967 0.476406
1.57 9.57576 14.8424 -24.4182 0.478788
1.575 9.62364 14.9166 -24.5403 0.481182
1.58 9.67176 14.9912 -24.663 0.483588
1.585 9.72012 15.0662 -24.7863 0.486006
1.59 9.76872 15.1415 -24.9102 0.488436
1.595 9.81756 15.2172 -25.0348 0.490878
1.6 9.86665 15.2933 -25.16 0.493333
1.605 9.91598 15.3698 -25.2858 0.495799
1.61 9.96556 15.4466 -25.4122 0.498278
1.615 10.0154 15.5239 -25.5392 0.50077
1.62 10.0655 15.6015 -25.6669 0.503273
1.625 10.1158 15.6795 -25.7953 0.50579
1.63 10.1664 15.7579 -25.9243 0.508319
1.635 10.2172 15.8367 -26.0539 0.51086
1.64 10.2683 15.9159 -26.1841 0.513415
1.645 10.3196 15.9954 -26.3151 0.515982
1.65 10.3712 16.0754 -26.4466 0.518562
1.655 10.4231 16.1558 -26.5789 0.521154
1.66 10.4752 16.2366 -26.7118 0.52376
1.665 10.5276 16.3177 -26.8453 0.526379
1.67 10.5802 16.3993 -26.9796 0.529011
1.675 10.6331 16.4813 -27.1145 0.531656
1.68 10.6863 16.5637 -27.25 0.534314
1.685 10.7397 16.6466 -27.3863 0.536986
1.69 10.7934 16.7298 -27.5232 0.539671
1.695 10.8474 16.8134 -27.6608 0.542369
1.7 10.9016 16.8975 -27.7991 0.545081
1.705 10.9561 16.982 -27.9381 0.547806
1.71 11.0109 17.0669 -28.0778 0.550545
1.715 11.066 17.1522 -28.2182 0.553298
1.72 11.1213 17.238 -28.3593 0.556065
1.725 11.1769 17.3242 -28.5011 0.558845
1.73 11.2328 17.4108 -28.6436 0.561639
1.735 11.2889 17.4979 -28.7868 0.564447
1.74 11.3454 17.5854 -28.9307 0.56727
1.745 11.4021 17.6733 -29.0754 0.570106
1.75 11.4591 17.7617 -29.2208 0.572956
1.755 11.5164 17.8505 -29.3669 0.575821
1.76 11.574 17.9397 -29.5137 0.5787
1.765 11.6319 18.0294 -29.6613 0.581594
1.77 11.69 18.1196 -29.8096 0.584502
1.775 11.7485 18.2102 -29.9586 0.587424
1.78 11.8072 18.3012 -30.1084 0.590361
1.785 11.8663 18.3927 -30.259 0.593313
1.79 11.9256 18.4847 -30.4103 0.59628
1.795 11.9852 18.5771 -30.5623 0.599261
1.8 12.0452 18.67 -30.7151 0.602258
1.805 12.1054 18.7633 -30.8687 0.605269
1.81 12.1659 18.8571 -31.0231 0.608295
1.815 12.2267 18.9514 -31.1782 0.611337
1.82 12.2879 19.0462 -31.3341 0.614393
1.825 12.3493 19.1414 -31.4907 0.617465
1.83 12.4111 19.2371 -31.6482 0.620553
1.835 12.4731 19.3333 -31.8064 0.623655
1.84 12.5355 19.43 -31.9655 0.626774
1.845 12.5982 19.5271 -32.1253 0.629908
1.85 12.6611 19.6248 -32.2859 0.633057
1.855 12.7244 19.7229 -32.4473 0.636222
1.86 12.7881 19.8215 -32.6096 0.639403
1.865 12.852 19.9206 -32.7726 0.6426
1.87 12.9163 20.0202 -32.9365 0.645813
1.875 12.9809 20.1203 -33.1012 0.649043
1.88 13.0458 20.2209 -33.2667 0.652288
1.885 13.111 20.322 -33.433 0.655549
1.89 13.1765 20.4236 -33.6002 0.658827
1.895 13.2424 20.5258 -33.7682 0.662121
1.9 13.3086 20.6284 -33.937 0.665432
1.905 13.3752 20.7315 -34.1067 0.668759
1.91 13.4421 20.8352 -34.2772 0.672103
1.915 13.5093 20.9394 -34.4486 0.675463
1.92 13.5768 21.0441 -34.6209 0.67884
1.925 13.6447 21.1493 -34.794 0.682235
1.93 13.7129 21.255 -34.9679 0.685646
1.935 13.7815 21.3613 -35.1428 0.689074
1.94 13.8504 21.4681 -35.3185 0.692519
1.945 13.9196 21.5754 -35.4951 0.695982
1.95 13.9892 21.6833 -35.6726 0.699462
1.955 14.0592 21.7917 -35.8509 0.702959
1.96 14.1295 21.9007 -36.0302 0.706474
1.965 14.2001 22.0102 -36.2103 0.710006
1.97 14.2711 22.1202 -36.3914 0.713556
1.975 14.3425 22.2309 -36.5733 0.717124
1.98 14.4142 22.342 -36.7562 0.72071
1.985 14.4863 22.4537 -36.94 0.724313
1.99 14.5587 22.566 -37.1247 0.727935
1.995 14.6315 22.6788 -37.3103 0.731575
2 14.7047 22.7922 -37.4969 0.735233
2.005 14.7782 22.9062 -37.6843 0.738909
2.01 14.8521 23.0207 -37.8728 0.742603
2.015 14.9263 23.1358 -38.0621 0.746316
2.02 15.001 23.2515 -38.2524 0.750048
2.025 15.076 23.3677 -38.4437 0.753798
2.03 15.1513 23.4846 -38.6359 0.757567
2.035 15.2271 23.602 -38.8291 0.761355
2.04 15.3032 23.72 -39.0232 0.765162
2.045 15.3797 23.8386 -39.2184 0.768987
2.05 15.4566 23.9578 -39.4145 0.772832
2.055 15.5339 24.0776 -39.6115 0.776697
2.06 15.6116 24.198 -39.8096 0.78058
2.065 15.6897 24.319 -40.0086 0.784483
2.07 15.7681 24.4406 -40.2087 0.788405
2.075 15.8469 24.5628 -40.4097 0.792347
2.08 15.9262 24.6856 -40.6118 0.796309
2.085 16.0058 24.809 -40.8148 0.800291
2.09 16.0858 24.9331 -41.0189 0.804292
2.095 16.1663 25.0577 -41.224 0.808314
2.1 16.2471 25.183 -41.4301 0.812355
2.105 16.3283 25.3089 -41.6373 0.816417
2.11 16.41 25.4355 -41.8454 0.820499
2.115 16.492 25.5626 -42.0547 0.824602
2.12 16.5745 25.6905 -42.265 0.828725
2.125 16.6574 25.8189 -42.4763 0.832868
2.13 16.7406 25.948 -42.6887 0.837032
2.135 16.8244 26.0777 -42.9021 0.841218
2.14 16.9085 26.2081 -43.1166 0.845424
2.145 16.993 26.3392 -43.3322 0.849651
2.15 17.078 26.4709 -43.5489 0.853899
2.155 17.1634 26.6032 -43.7666 0.858169
2.16 17.2492 26.7362 -43.9854 0.862459
2.165 17.3354 26.8699 -44.2054 0.866772
2.17 17.4221 27.0043 -44.4264 0.871106
2.175 17.5092 27.1393 -44.6485 0.875461
2.18 17.5968 27.275 -44.8718 0.879838
2.185 17.6848 27.4114 -45.0961 0.884238
2.19 17.7732 27.5484 -45.3216 0.888659
2.195 17.862 27.6862 -45.5482 0.893102
2.2 17.9514 27.8246 -45.7759 0.897568
2.205 18.0411 27.9637 -46.0048 0.902055
2.21 18.1313 28.1035 -46.2349 0.906566
2.215 18.222 28.2441 -46.466 0.911099
2.22 18.3131 28.3853 -46.6984 0.915654
2.225 18.4046 28.5272 -46.9318 0.920232
2.23 18.4967 28.6698 -47.1665 0.924833
2.235 18.5892 28.8132 -47.4023 0.929458
2.24 18.6821 28.9573 -47.6394 0.934105
2.245 18.7755 29.102 -47.8775 0.938775
2.25 18.8694 29.2475 -48.1169 0.943469
2.255 18.9637 29.3938 -48.3575 0.948187
2.26 19.0586 29.5408 -48.5993 0.952928
2.265 19.1538 29.6885 -48.8423 0.957692
2.27 19.2496 29.8369 -49.0865 0.962481
2.275 19.3459 29.9861 -49.3319 0.967293
2.28 19.4426 30.136 -49.5786 0.97213
2.285 19.5398 30.2867 -49.8265 0.97699
2.29 19.6375 30.4381 -50.0756 0.981875
2.295 19.7357 30.5903 -50.326 0.986785
2.3 19.8344 30.7433 -50.5776 0.991718
2.305 19.9335 30.897 -50.8305 0.996677
2.31 20.0332 31.0515 -51.0847 1.00166
2.315 20.1334 31.2067 -51.3401 1.00667
2.32 20.234 31.3628 -51.5968 1.0117
2.325 20.3352 31.5196 -51.8548 1.01676
2.33 20.4369 31.6772 -52.1141 1.02184
2.335 20.5391 31.8356 -52.3746 1.02695
2.34 20.6418 31.9947 -52.6365 1.03209
2.345 20.745 32.1547 -52.8997 1.03725
2.35 20.8487 32.3155 -53.1642 1.04244
2.355 20.9529 32.4771 -53.43 1.04765
2.36 21.0577 32.6395 -53.6972 1.05289
2.365 21.163 32.8026 -53.9656 1.05815
2.37 21.2688 32.9667 -54.2355 1.06344
2.375 21.3752 33.1315 -54.5067 1.06876
2.38 21.482 33.2972 -54.7792 1.0741
2.385 21.5894 33.4636 -55.0531 1.07947
2.39 21.6974 33.631 -55.3283 1.08487
2.395 21.8059 33.7991 -55.605 1.09029
2.4 21.9149 33.9681 -55.883 1.09575
2.405 22.0245 34.1379 -56.1624 1.10122
2.41 22.1346 34.3086 -56.4432 1.10673
2.415 22.2453 34.4802 -56.7255 1.11226
2.42 22.3565 34.6526 -57.0091 1.11783
2.425 22.4683 34.8258 -57.2941 1.12341
2.43 22.5806 35 -57.5806 1.12903
2.435 22.6935 35.175 -57.8685 1.13468
2.44 22.807 35.3508 -58.1578 1.14035
2.445 22.921 35.5276 -58.4486 1.14605
2.45 23.0356 35.7052 -58.7409 1.15178
2.455 23.1508 35.8838 -59.0346 1.15754
2.46 23.2666 36.0632 -59.3298 1.16333
2.465 23.3829 36.2435 -59.6264 1.16915
2.47 23.4998 36.4247 -59.9245 1.17499
2.475 23.6173 36.6068 -60.2242 1.18087
2.48 23.7354 36.7899 -60.5253 1.18677
2.485 23.8541 36.9738 -60.8279 1.1927
2.49 23.9734 37.1587 -61.132 1.19867
2.495 24.0932 37.3445 -61.4377 1.20466
2.5 24.2137 37.5312 -61.7449 1.21068
2.505 24.3348 37.7189 -62.0536 1.21674
2.51 24.4564 37.9075 -62.3639 1.22282
2.515 24.5787 38.097 -62.6757 1.22894
2.52 24.7016 38.2875 -62.9891 1.23508
2.525 24.8251 38.4789 -63.304 1.24126
2.53 24.9492 38.6713 -63.6206 1.24746
2.535 25.074 38.8647 -63.9387 1.2537
2.54 25.1994 39.059 -64.2583 1.25997
2.545 25.3253 39.2543 -64.5796 1.26627
2.55 25.452 39.4506 -64.9025 1.2726
2.555 25.5792 39.6478 -65.227 1.27896
2.56 25.7071 39.8461 -65.5532 1.28536
2.565 25.8357 40.0453 -65.881 1.29178
2.57 25.9648 40.2455 -66.2104 1.29824
2.575 26.0947 40.4467 -66.5414 1.30473
2.58 26.2251 40.649 -66.8741 1.31126
2.585 26.3563 40.8522 -67.2085 1.31781
2.59 26.488 41.0565 -67.5445 1.3244
2.595 26.6205 41.2618 -67.8822 1.33102
2.6 26.7536 41.4681 -68.2217 1.33768
2.605 26.8874 41.6754 -68.5628 1.34437
2.61 27.0218 41.8838 -68.9056 1.35109
2.615 27.1569 42.0932 -69.2501 1.35785
2.62 27.2927 42.3037 -69.5964 1.36463
2.625 27.4292 42.5152 -69.9443 1.37146
2.63 27.5663 42.7278 -70.2941 1.37832
2.635 27.7041 42.9414 -70.6455 1.38521
2.64 27.8427 43.1561 -70.9988 1.39213
2.645 27.9819 43.3719 -71.3538 1.39909
2.65 28.1218 43.5888 -71.7105 1.40609
2.655 28.2624 43.8067 -72.0691 1.41312
2.66 28.4037 44.0257 -72.4294 1.42018
2.665 28.5457 44.2459 -72.7916 1.42729
2.67 28.6884 44.4671 -73.1555 1.43442
2.675 28.8319 44.6894 -73.5213 1.44159
2.68 28.976 44.9129 -73.8889 1.4488
2.685 29.1209 45.1374 -74.2584 1.45605
2.69 29.2665 45.3631 -74.6296 1.46333
2.695 29.4129 45.5899 -75.0028 1.47064
2.7 29.5599 45.8179 -75.3778 1.478
2.705 29.7077 46.047 -75.7547 1.48539
2.71 29.8563 46.2772 -76.1335 1.49281
2.715 30.0055 46.5086 -76.5141 1.50028
2.72 30.1556 46.7411 -76.8967 1.50778
2.725 30.3064 46.9748 -77.2812 1.51532
2.73 30.4579 47.2097 -77.6676 1.52289
2.735 30.6102 47.4458 -78.0559 1.53051
2.74 30.7632 47.683 -78.4462 1.53816
2.745 30.917 47.9214 -78.8385 1.54585
2.75 31.0716 48.161 -79.2326 1.55358
2.755 31.227 48.4018 -79.6288 1.56135
2.76 31.3831 48.6438 -80.027 1.56916
2.765 31.54 48.8871 -80.4271 1.577
2.77 31.6977 49.1315 -80.8292 1.58489
2.775 31.8562 49.3771 -81.2334 1.59281
2.78 32.0155 49.624 -81.6395 1.60078
2.785 32.1756 49.8722 -82.0477 1.60878
2.79 32.3365 50.1215 -82.458 1.61682
2.795 32.4981 50.3721 -82.8703 1.62491
2.8 32.6606 50.624 -83.2846 1.63303
2.805 32.8239 50.8771 -83.701 1.6412
2.81 32.9881 51.1315 -84.1195 1.6494
2.815 33.153 51.3871 -84.5401 1.65765
2.82 33.3188 51.6441 -84.9628 1.66594
2.825 33.4854 51.9023 -85.3877 1.67427
2.83 33.6528 52.1618 -85.8146 1.68264
2.835 33.821 52.4226 -86.2437 1.69105
2.84 33.9901 52.6847 -86.6749 1.69951
2.845 34.1601 52.9482 -87.1083 1.70801
2.85 34.3309 53.2129 -87.5438 1.71655
2.855 34.5026 53.479 -87.9815 1.72513
2.86 34.6751 53.7464 -88.4214 1.73375
2.865 34.8484 54.0151 -88.8635 1.74242
2.87 35.0227 54.2852 -89.3078 1.75113
2.875 35.1978 54.5566 -89.7544 1.75989
2.88 35.3738 54.8294 -90.2032 1.76869
2.885 35.5507 55.1035 -90.6542 1.77753
2.89 35.7284 55.379 -91.1074 1.78642
2.895 35.9071 55.6559 -91.563 1.79535
2.9 36.0866 55.9342 -92.0208 1.80433
2.905 36.267 56.2139 -92.4809 1.81335
2.91 36.4484 56.495 -92.9433 1.82242
2.915 36.6306 56.7774 -93.408 1.83153
2.92 36.8138 57.0613 -93.8751 1.84069
2.925 36.9978 57.3466 -94.3444 1.84989
2.93 37.1828 57.6334 -94.8162 1.85914
2.935 37.3687 57.9215 -95.2902 1.86844
2.94 37.5556 58.2111 -95.7667 1.87778
2.945 37.7433 58.5022 -96.2455 1.88717
2.95 37.9321 58.7947 -96.7268 1.8966
2.955 38.1217 59.0887 -97.2104 1.90609
2.96 38.3123 59.3841 -97.6964 1.91562
2.965 38.5039 59.681 -98.1849 1.92519
2.97 38.6964 59.9794 -98.6758 1.93482
2.975 38.8899 60.2793 -99.1692 1.94449
2.98 39.0843 60.5807 -99.6651 1.95422
2.985 39.2798 60.8836 -100.163 1.96399
2.99 39.4762 61.1881 -100.664 1.97381
2.995 39.6735 61.494 -101.168 1.98368
3 39.8719 61.8015 -101.673 1.9936
3.005 40.0713 62.1105 -102.182 2.00356
3.01 40.2716 62.421 -102.693 2.01358
3.015 40.473 62.7331 -103.206 2.02365
3.02 40.6753 63.0468 -103.722 2.03377
3.025 40.8787 63.362 -104.241 2.04394
3.03 41.0831 63.6788 -104.762 2.05416
3.035 41.2885 63.9972 -105.286 2.06443
3.04 41.495 64.3172 -105.812 2.07475
3.045 41.7025 64.6388 -106.341 2.08512
3.05 41.911 64.962 -106.873 2.09555
3.055 42.1205 65.2868 -107.407 2.10603
3.06 42.3311 65.6132 -107.944 2.11656
3.065 42.5428 65.9413 -108.484 2.12714
3.07 42.7555 66.271 -109.027 2.13777
3.075 42.9693 66.6024 -109.572 2.14846
3.08 43.1841 66.9354 -110.119 2.15921
3.085 43.4 67.2701 -110.67 2.17
3.09 43.617 67.6064 -111.223 2.18085
3.095 43.8351 67.9444 -111.78 2.19176
3.1 44.0543 68.2842 -112.338 2.20271
3.105 44.2746 68.6256 -112.9 2.21373
3.11 44.4959 68.9687 -113.465 2.2248
3.115 44.7184 69.3136 -114.032 2.23592
3.12 44.942 69.6601 -114.602 2.2471
3.125 45.1667 70.0084 -115.175 2.25834
3.13 45.3926 70.3585 -115.751 2.26963
3.135 45.6195 70.7103 -116.33 2.28098
3.14 45.8476 71.0638 -116.911 2.29238
3.145 46.0769 71.4191 -117.496 2.30384
3.15 46.3072 71.7762 -118.083 2.31536
3.155 46.5388 72.1351 -118.674 2.32694
3.16 46.7715 72.4958 -119.267 2.33857
3.165 47.0053 72.8583 -119.864 2.35027
3.17 47.2404 73.2225 -120.463 2.36202
3.175 47.4766 73.5887 -121.065 2.37383
3.18 47.7139 73.9566 -121.671 2.3857
3.185 47.9525 74.3264 -122.279 2.39763
3.19 48.1923 74.698 -122.89 2.40961
3.195 48.4332 75.0715 -123.505 2.42166
3.2 48.6754 75.4469 -124.122 2.43377
3.205 48.9188 75.8241 -124.743 2.44594
3.21 49.1634 76.2032 -125.367 2.45817
3.215 49.4092 76.5842 -125.993 2.47046
3.22 49.6562 76.9672 -126.623 2.48281
3.225 49.9045 77.352 -127.257 2.49523
3.23 50.154 77.7388 -127.893 2.5077
3.235 50.4048 78.1275 -128.532 2.52024
3.24 50.6568 78.5181 -129.175 2.53284
3.245 50.9101 78.9107 -129.821 2.54551
3.25 51.1647 79.3052 -130.47 2.55823
3.255 51.4205 79.7018 -131.122 2.57102
3.26 51.6776 80.1003 -131.778 2.58388
3.265 51.936 80.5008 -132.437 2.5968
3.27 52.1957 80.9033 -133.099 2.60978
3.275 52.4566 81.3078 -133.764 2.62283
3.28 52.7189 81.7143 -134.433 2.63595
3.285 52.9825 82.1229 -135.105 2.64913
3.29 53.2474 82.5335 -135.781 2.66237
3.295 53.5137 82.9462 -136.46 2.67568
3.3 53.7812 83.3609 -137.142 2.68906
3.305 54.0501 83.7777 -137.828 2.70251
3.31 54.3204 84.1966 -138.517 2.71602
3.315 54.592 84.6176 -139.21 2.7296
3.32 54.865 85.0407 -139.906 2.74325
3.325 55.1393 85.4659 -140.605 2.75696
3.33 55.415 85.8932 -141.308 2.77075
3.335 55.692 86.3227 -142.015 2.7846
3.34 55.9705 86.7543 -142.725 2.79853
3.345 56.2504 87.1881 -143.438 2.81252
3.35 56.5316 87.624 -144.156 2.82658
3.355 56.8143 88.0621 -144.876 2.84071
3.36 57.0983 88.5024 -145.601 2.85492
3.365 57.3838 88.9449 -146.329 2.86919
3.37 57.6708 89.3897 -147.06 2.88354
3.375 57.9591 89.8366 -147.796 2.89796
3.38 58.2489 90.2858 -148.535 2.91245
3.385 58.5401 90.7372 -149.277 2.92701
3.39 58.8328 91.1909 -150.024 2.94164
3.395 59.127 91.6469 -150.774 2.95635
3.4 59.4226 92.1051 -151.528 2.97113
3.405 59.7198 92.5656 -152.285 2.98599
3.41 60.0184 93.0285 -153.047 3.00092
3.415 60.3185 93.4936 -153.812 3.01592
3.42 60.62 93.9611 -154.581 3.031
3.425 60.9231 94.4309 -155.354 3.04616
3.43 61.2278 94.903 -156.131 3.06139
3.435 61.5339 95.3775 -156.911 3.07669
3.44 61.8416 95.8544 -157.696 3.09208
3.445 62.1508 96.3337 -158.484 3.10754
3.45 62.4615 96.8154 -159.277 3.12308
3.455 62.7738 97.2994 -160.073 3.13869
3.46 63.0877 97.7859 -160.874 3.15439
3.465 63.4031 98.2749 -161.678 3.17016
3.47 63.7202 98.7662 -162.486 3.18601
3.475 64.0388 99.2601 -163.299 3.20194
3.48 64.359 99.7564 -164.115 3.21795
3.485 64.6807 100.255 -164.936 3.23404
3.49 65.0042 100.756 -165.761 3.25021
3.495 65.3292 101.26 -166.589 3.26646
3.5 65.6558 101.767 -167.422 3.28279
3.505 65.9841 102.275 -168.259 3.2992
3.51 66.314 102.787 -169.101 3.3157
3.515 66.6456 103.301 -169.946 3.33228
3.52 66.9788 103.817 -170.796 3.34894
3.525 67.3137 104.336 -171.65 3.36569
3.53 67.6503 104.858 -172.508 3.38251
3.535 67.9885 105.382 -173.371 3.39943
3.54 68.3285 105.909 -174.238 3.41642
3.545 68.6701 106.439 -175.109 3.43351
3.55 69.0135 106.971 -175.984 3.45067
3.555 69.3585 107.506 -176.864 3.46793
3.56 69.7053 108.043 -177.749 3.48527
3.565 70.0539 108.583 -178.637 3.50269
3.57 70.4041 109.126 -179.531 3.52021
3.575 70.7561 109.672 -180.428 3.53781
3.58 71.1099 110.22 -181.33 3.5555
3.585 71.4655 110.771 -182.237 3.57327
3.59 71.8228 111.325 -183.148 3.59114
3.595 72.1819 111.882 -184.064 3.6091
3.6 72.5428 112.441 -184.984 3.62714
3.605 72.9055 113.004 -185.909 3.64528
3.61 73.2701 113.569 -186.839 3.6635
3.615 73.6364 114.136 -187.773 3.68182
3.62 74.0046 114.707 -188.712 3.70023
3.625 74.3746 115.281 -189.655 3.71873
3.63 74.7465 115.857 -190.604 3.73732
3.635 75.1202 116.436 -191.557 3.75601
3.64 75.4958 117.019 -192.514 3.77479
3.645 75.8733 117.604 -193.477 3.79367
3.65 76.2527 118.192 -194.444 3.81263
3.655 76.6339 118.783 -195.417 3.8317
3.66 77.0171 119.377 -196.394 3.85086
3.665 77.4022 119.973 -197.376 3.87011
3.67 77.7892 120.573 -198.362 3.88946
3.675 78.1781 121.176 -199.354 3.90891
3.68 78.569 121.782 -200.351 3.92845
3.685 78.9619 122.391 -201.353 3.94809
3.69 79.3567 123.003 -202.36 3.96783
3.695 79.7535 123.618 -203.371 3.98767
3.7 80.1522 124.236 -204.388 4.00761
3.705 80.553 124.857 -205.41 4.02765
3.71 80.9558 125.481 -206.437 4.04779
3.715 81.3606 126.109 -207.469 4.06803
3.72 81.7674 126.739 -208.507 4.08837
3.725 82.1762 127.373 -209.549 4.10881
3.73 82.5871 128.01 -210.597 4.12935
3.735 83 128.65 -211.65 4.15
3.74 83.415 129.293 -212.708 4.17075
3.745 83.8321 129.94 -213.772 4.1916
3.75 84.2512 130.589 -214.841 4.21256
3.755 84.6725 131.242 -215.915 4.23362
3.76 85.0959 131.899 -216.994 4.25479
3.765 85.5213 132.558 -218.079 4.27607
3.77 85.9489 133.221 -219.17 4.29745
3.775 86.3787 133.887 -220.266 4.31893
3.78 86.8106 134.556 -221.367 4.34053
3.785 87.2446 135.229 -222.474 4.36223
3.79 87.6809 135.905 -223.586 4.38404
3.795 88.1193 136.585 -224.704 4.40596
3.8 88.5599 137.268 -225.828 4.42799
3.805 89.0027 137.954 -226.957 4.45013
3.81 89.4477 138.644 -228.092 4.47238
3.815 89.8949 139.337 -229.232 4.49475
3.82 90.3444 140.034 -230.378 4.51722
3.825 90.7961 140.734 -231.53 4.53981
3.83 91.2501 141.438 -232.688 4.5625
3.835 91.7063 142.145 -233.851 4.58532
3.84 92.1649 142.856 -235.02 4.60824
3.845 92.6257 143.57 -236.196 4.63128
3.85 93.0888 144.288 -237.377 4.65444
3.855 93.5543 145.009 -238.563 4.67771
3.86 94.022 145.734 -239.756 4.7011
3.865 94.4922 146.463 -240.955 4.72461
3.87 94.9646 147.195 -242.16 4.74823
3.875 95.4394 147.931 -243.371 4.77197
3.88 95.9166 148.671 -244.587 4.79583
3.885 96.3962 149.414 -245.81 4.81981
3.89 96.8782 150.161 -247.039 4.84391
3.895 97.3626 150.912 -248.275 4.86813
3.9 97.8494 151.667 -249.516 4.89247
3.905 98.3386 152.425 -250.764 4.91693
3.91 98.8303 153.187 -252.017 4.94152
3.915 99.3245 153.953 -253.277 4.96622
3.92 99.8211 154.723 -254.544 4.99106
3.925 100.32 155.496 -255.817 5.01601
3.93 100.822 156.274 -257.096 5.04109
3.935 101.326 157.055 -258.381 5.0663
3.94 101.833 157.84 -259.673 5.09163
3.945 102.342 158.63 -260.971 5.11709
3.95 102.853 159.423 -262.276 5.14267
3.955 103.368 160.22 -263.588 5.16838
3.96 103.885 161.021 -264.906 5.19423
3.965 104.404 161.826 -266.23 5.2202
3.97 104.926 162.635 -267.561 5.2463
3.975 105.451 163.448 -268.899 5.27253
3.98 105.978 164.266 -270.244 5.29889
3.985 106.508 165.087 -271.595 5.32539
3.99 107.04 165.912 -272.953 5.35201
3.995 107.575 166.742 -274.318 5.37877
4 108.113 167.576 -275.689 5.40567
4.005 108.654 168.414 -277.068 5.4327
4.01 109.197 169.256 -278.453 5.45986
4.015 109.743 170.102 -279.845 5.48716
4.02 110.292 170.952 -281.244 5.5146
4.025 110.843 171.807 -282.651 5.54217
4.03 111.398 172.666 -284.064 5.56988
4.035 111.955 173.53 -285.484 5.59773
4.04 112.514 174.397 -286.912 5.62572
4.045 113.077 175.269 -288.346 5.65385
4.05 113.642 176.146 -289.788 5.68212
4.055 114.211 177.026 -291.237 5.71053
4.06 114.782 177.911 -292.693 5.73908
4.065 115.355 178.801 -294.156 5.76777
4.07 115.932 179.695 -295.627 5.79661
4.075 116.512 180.593 -297.105 5.8256
4.08 117.094 181.496 -298.591 5.85472
4.085 117.68 182.404 -300.084 5.884
4.09 118.268 183.316 -301.584 5.91342
4.095 118.86 184.233 -303.092 5.94298
4.1 119.454 185.154 -304.608 5.9727
4.105 120.051 186.079 -306.131 6.00256
4.11 120.652 187.01 -307.661 6.03258
4.115 121.255 187.945 -309.2 6.06274
4.12 121.861 188.885 -310.746 6.09305
4.125 122.47 189.829 -312.299 6.12352
4.13 123.083 190.778 -313.861 6.15413
4.135 123.698 191.732 -315.43 6.18491
4.14 124.317 192.691 -317.007 6.21583
4.145 124.938 193.654 -318.592 6.24691
4.15 125.563 194.622 -320.185 6.27814
4.155 126.191 195.596 -321.786 6.30953
4.16 126.822 196.574 -323.395 6.34108
4.165 127.456 197.556 -325.012 6.37279
4.17 128.093 198.544 -326.637 6.40465
4.175 128.733 199.537 -328.27 6.43667
4.18 129.377 200.535 -329.912 6.46886
4.185 130.024 201.537 -331.561 6.5012
4.19 130.674 202.545 -333.219 6.53371
4.195 131.328 203.558 -334.885 6.56638
4.2 131.984 204.575 -336.56 6.59921
4.205 132.644 205.598 -338.242 6.6322
4.21 133.307 206.626 -339.934 6.66537
4.215 133.974 207.659 -341.633 6.69869
4.22 134.644 208.698 -343.341 6.73219
4.225 135.317 209.741 -345.058 6.76585
4.23 135.994 210.79 -346.783 6.79968
4.235 136.673 211.844 -348.517 6.83367
4.24 137.357 212.903 -350.26 6.86784
4.245 138.044 213.968 -352.011 6.90218
4.25 138.734 215.037 -353.771 6.93669
4.255 139.428 216.113 -355.54 6.97138
4.26 140.125 217.193 -357.318 7.00623
4.265 140.825 218.279 -359.105 7.04126
4.27 141.529 219.371 -360.9 7.07647
4.275 142.237 220.467 -362.705 7.11185
4.28 142.948 221.57 -364.518 7.14741
4.285 143.663 222.678 -366.341 7.18315
4.29 144.381 223.791 -368.172 7.21907
4.295 145.103 224.91 -370.013 7.25516
4.3 145.829 226.035 -371.863 7.29144
4.305 146.558 227.165 -373.723 7.32789
4.31 147.291 228.301 -375.591 7.36453
4.315 148.027 229.442 -377.469 7.40136
4.32 148.767 230.589 -379.357 7.43836
4.325 149.511 231.742 -381.253 7.47555
4.33 150.259 232.901 -383.16 7.51293
4.335 151.01 234.065 -385.075 7.5505
4.34 151.765 235.236 -387.001 7.58825
4.345 152.524 236.412 -388.936 7.62619
4.35 153.286 237.594 -390.88 7.66432
4.355 154.053 238.782 -392.835 7.70264
4.36 154.823 239.976 -394.799 7.74116
4.365 155.597 241.176 -396.773 7.77986
4.37 156.375 242.382 -398.757 7.81876
4.375 157.157 243.594 -400.751 7.85786
4.38 157.943 244.811 -402.754 7.89714
4.385 158.733 246.036 -404.768 7.93663
4.39 159.526 247.266 -406.792 7.97631
4.395 160.324 248.502 -408.826 8.0162
4.4 161.126 249.745 -410.87 8.05628
4.405 161.931 250.993 -412.924 8.09656
4.41 162.741 252.248 -414.989 8.13704
4.415 163.555 253.509 -417.064 8.17773
4.42 164.372 254.777 -419.149 8.21861
4.425 165.194 256.051 -421.245 8.25971
4.43 166.02 257.331 -423.351 8.30101
4.435 166.85 258.618 -425.468 8.34251
4.44 167.684 259.911 -427.595 8.38422
4.445 168.523 261.21 -429.733 8.42614
4.45 169.366 262.517 -431.882 8.46828
4.455 170.212 263.829 -434.041 8.51062
4.46 171.063 265.148 -436.212 8.55317
4.465 171.919 266.474 -438.393 8.59594
4.47 172.778 267.806 -440.585 8.63892
4.475 173.642 269.145 -442.788 8.68211
4.48 174.51 270.491 -445.002 8.72552
4.485 175.383 271.844 -447.227 8.76915
4.49 176.26 273.203 -449.463 8.81299
4.495 177.141 274.569 -451.71 8.85706
4.5 178.027 275.942 -453.969 8.90134
4.505 178.917 277.321 -456.238 8.94585
4.51 179.812 278.708 -458.52 8.99058
4.515 180.711 280.102 -460.812 9.03553
4.52 181.614 281.502 -463.116 9.08071
4.525 182.522 282.91 -465.432 9.12611
4.53 183.435 284.324 -467.759 9.17174
4.535 184.352 285.746 -470.098 9.2176
4.54 185.274 287.174 -472.448 9.26369
4.545 186.2 288.61 -474.81 9.31001
4.55 187.131 290.053 -477.185 9.35656
4.555 188.067 291.504 -479.57 9.40334
4.56 189.007 292.961 -481.968 9.45036
4.565 189.952 294.426 -484.378 9.49761
4.57 190.902 295.898 -486.8 9.5451
4.575 191.856 297.378 -489.234 9.59282
4.58 192.816 298.864 -491.68 9.64079
4.585 193.78 300.359 -494.139 9.68899
4.59 194.749 301.861 -496.609 9.73744
4.595 195.722 303.37 -499.092 9.78612
4.6 196.701 304.887 -501.588 9.83506
4.605 197.685 306.411 -504.096 9.88423
4.61 198.673 307.943 -506.616 9.93365
4.615 199.666 309.483 -509.149 9.98332
4.62 200.665 311.03 -511.695 10.0332
4.625 201.668 312.585 -514.254 10.0834
4.63 202.676 314.148 -516.825 10.1338
4.635 203.69 315.719 -519.409 10.1845
4.64 204.708 317.298 -522.006 10.2354
4.645 205.732 318.884 -524.616 10.2866
4.65 206.76 320.479 -527.239 10.338
4.655 207.794 322.081 -529.875 10.3897
4.66 208.833 323.691 -532.525 10.4417
4.665 209.877 325.31 -535.187 10.4939
4.67 210.927 326.936 -537.863 10.5463
4.675 211.981 328.571 -540.553 10.5991
4.68 213.041 330.214 -543.255 10.6521
4.685 214.107 331.865 -545.972 10.7053
4.69 215.177 333.524 -548.701 10.7589
4.695 216.253 335.192 -551.445 10.8126
4.7 217.334 336.868 -554.202 10.8667
4.705 218.421 338.552 -556.973 10.921
4.71 219.513 340.245 -559.758 10.9756
4.715 220.611 341.946 -562.557 11.0305
4.72 221.714 343.656 -565.37 11.0857
4.725 222.822 345.374 -568.196 11.1411
4.73 223.936 347.101 -571.037 11.1968
4.735 225.056 348.837 -573.893 11.2528
4.74 226.181 350.581 -576.762 11.3091
4.745 227.312 352.334 -579.646 11.3656
4.75 228.449 354.095 -582.544 11.4224
4.755 229.591 355.866 -585.457 11.4795
4.76 230.739 357.645 -588.384 11.5369
4.765 231.893 359.433 -591.326 11.5946
4.77 233.052 361.231 -594.283 11.6526
4.775 234.217 363.037 -597.254 11.7109
4.78 235.388 364.852 -600.24 11.7694
4.785 236.565 366.676 -603.242 11.8283
4.79 237.748 368.51 -606.258 11.8874
4.795 238.937 370.352 -609.289 11.9468
4.8 240.132 372.204 -612.336 12.0066
4.805 241.332 374.065 -615.397 12.0666
4.81 242.539 375.935 -618.474 12.1269
4.815 243.752 377.815 -621.567 12.1876
4.82 244.97 379.704 -624.674 12.2485
4.825 246.195 381.603 -627.798 12.3098
4.83 247.426 383.511 -630.937 12.3713
4.835 248.663 385.428 -634.091 12.4332
4.84 249.907 387.355 -637.262 12.4953
4.845 251.156 389.292 -640.448 12.5578
4.85 252.412 391.239 -643.65 12.6206
4.855 253.674 393.195 -646.869 12.6837
4.86 254.942 395.161 -650.103 12.7471
4.865 256.217 397.136 -653.354 12.8109
4.87 257.498 399.122 -656.62 12.8749
4.875 258.786 401.118 -659.903 12.9393
4.88 260.08 403.123 -663.203 13.004
4.885 261.38 405.139 -666.519 13.069
4.89 262.687 407.165 -669.852 13.1343
4.895 264 409.2 -673.201 13.2
4.9 265.32 411.247 -676.567 13.266
4.905 266.647 413.303 -679.95 13.3323
4.91 267.98 415.369 -683.349 13.399
4.915 269.32 417.446 -686.766 13.466
4.92 270.667 419.533 -690.2 13.5333
4.925 272.02 421.631 -693.651 13.601
4.93 273.38 423.739 -697.119 13.669
4.935 274.747 425.858 -700.605 13.7373
4.94 276.121 427.987 -704.108 13.806
4.945 277.501 430.127 -707.628 13.8751
4.95 278.889 432.278 -711.167 13.9444
4.955 280.283 434.439 -714.722 14.0142
4.96 281.685 436.611 -718.296 14.0842
4.965 283.093 438.794 -721.887 14.1547
4.97 284.509 440.988 -725.497 14.2254
4.975 285.931 443.193 -729.124 14.2966
4.98 287.361 445.409 -732.77 14.368
4.985 288.798 447.636 -736.434 14.4399
4.99 290.242 449.874 -740.116 14.5121
4.995 291.693 452.124 -743.817 14.5846
5 293.151 454.384 -747.536 14.6576
