0 1 1
0.005 1.005 0.96
0.01 1.01023 0.921648
0.015 1.01567 0.884876
0.02 1.02134 0.84962
0.025 1.02721 0.815816
0.03 1.03329 0.783406
0.035 1.03958 0.75233
0.04 1.04606 0.722535
0.045 1.05274 0.693966
0.05 1.05962 0.666574
0.055 1.06668 0.640308
0.06 1.07394 0.615123
0.065 1.08137 0.590973
0.07 1.08899 0.567815
0.075 1.09679 0.545607
0.08 1.10476 0.524311
0.085 1.11292 0.503888
0.09 1.12124 0.484301
0.095 1.12974 0.465517
0.1 1.13841 0.4475
0.105 1.14724 0.430219
0.11 1.15625 0.413644
0.115 1.16542 0.397745
0.12 1.17476 0.382493
0.125 1.18426 0.367861
0.13 1.19392 0.353825
0.135 1.20375 0.340358
0.14 1.21374 0.327437
0.145 1.22389 0.315039
0.15 1.2342 0.303143
0.155 1.24467 0.291727
0.16 1.2553 0.280772
0.165 1.26609 0.270258
0.17 1.27704 0.260167
0.175 1.28815 0.250481
0.18 1.29942 0.241183
0.185 1.31085 0.232258
0.19 1.32243 0.22369
0.195 1.33418 0.215464
0.2 1.34608 0.207565
0.205 1.35815 0.199981
0.21 1.37037 0.192698
0.215 1.38275 0.185704
0.22 1.3953 0.178986
0.225 1.408 0.172534
0.23 1.42087 0.166337
0.235 1.43389 0.160383
0.24 1.44708 0.154664
0.245 1.46043 0.149169
0.25 1.47395 0.143889
0.255 1.48763 0.138815
0.26 1.50147 0.13394
0.265 1.51548 0.129254
0.27 1.52966 0.12475
0.275 1.544 0.120421
0.28 1.55851 0.116259
0.285 1.57319 0.112258
0.29 1.58804 0.108411
0.295 1.60306 0.104712
0.3 1.61825 0.101155
0.305 1.63361 0.0977342
0.31 1.64915 0.0944441
0.315 1.66486 0.0912794
0.32 1.68075 0.0882351
0.325 1.69682 0.0853064
0.33 1.71306 0.0824885
0.335 1.72949 0.0797772
0.34 1.74609 0.0771681
0.345 1.76288 0.0746571
0.35 1.77985 0.0722403
0.355 1.797 0.0699141
0.36 1.81435 0.0676748
0.365 1.83188 0.0655189
0.37 1.84959 0.0634432
0.375 1.8675 0.0614444
0.38 1.8856 0.0595197
0.385 1.9039 0.057666
0.39 1.92239 0.0558806
0.395 1.94108 0.0541608
0.4 1.95996 0.0525041
0.405 1.97905 0.0509079
0.41 1.99833 0.04937
0.415 2.01782 0.0478881
0.42 2.03752 0.04646
0.425 2.05742 0.0450836
0.43 2.07753 0.043757
0.435 2.09785 0.0424782
0.44 2.11838 0.0412454
0.445 2.13913 0.0400569
0.45 2.16009 0.0389109
0.455 2.18127 0.0378059
0.46 2.20267 0.0367403
0.465 2.2243 0.0357125
0.47 2.24614 0.0347212
0.475 2.26821 0.0337651
0.48 2.29051 0.0328427
0.485 2.31304 0.0319528
0.49 2.3358 0.0310942
0.495 2.3588 0.0302658
0.5 2.38203 0.0294665
0.505 2.4055 0.028695
0.51 2.42921 0.0279505
0.515 2.45316 0.027232
0.52 2.47736 0.0265384
0.525 2.5018 0.025869
0.53 2.5265 0.0252227
0.535 2.55144 0.0245988
0.54 2.57664 0.0239965
0.545 2.6021 0.023415
0.55 2.62782 0.0228535
0.555 2.6538 0.0223114
0.56 2.68004 0.0217879
0.565 2.70655 0.0212825
0.57 2.73332 0.0207943
0.575 2.76037 0.020323
0.58 2.7877 0.0198678
0.585 2.8153 0.0194283
0.59 2.84318 0.0190039
0.595 2.87134 0.018594
0.6 2.89978 0.0181982
0.605 2.92852 0.017816
0.61 2.95754 0.0174469
0.615 2.98686 0.0170906
0.62 3.01647 0.0167465
0.625 3.04639 0.0164143
0.63 3.0766 0.0160937
0.635 3.10712 0.0157841
0.64 3.13794 0.0154854
0.645 3.16908 0.015197
0.65 3.20053 0.0149188
0.655 3.2323 0.0146503
0.66 3.26438 0.0143913
0.665 3.29679 0.0141416
0.67 3.32953 0.0139007
0.675 3.36259 0.0136685
0.68 3.39599 0.0134447
0.685 3.42972 0.013229
0.69 3.46379 0.0130213
0.695 3.4982 0.0128213
0.7 3.53296 0.0126287
0.705 3.56807 0.0124434
0.71 3.60352 0.0122653
0.715 3.63934 0.012094
0.72 3.67551 0.0119294
0.725 3.71205 0.0117714
0.73 3.74895 0.0116198
0.735 3.78622 0.0114744
0.74 3.82387 0.0113352
0.745 3.86189 0.0112018
0.75 3.90029 0.0110743
0.755 3.93908 0.0109526
0.76 3.97825 0.0108364
0.765 4.01782 0.0107256
0.77 4.05778 0.0106203
0.775 4.09814 0.0105202
0.78 4.13891 0.0104254
0.785 4.18008 0.0103356
0.79 4.22167 0.0102508
0.795 4.26367 0.0101711
0.8 4.30609 0.0100962
0.805 4.34893 0.0100261
0.81 4.3922 0.00996083
0.815 4.43591 0.00990029
0.82 4.48005 0.00984444
0.825 4.52463 0.00979325
0.83 4.56965 0.0097467
0.835 4.61512 0.00970475
0.84 4.66105 0.0096674
0.845 4.70744 0.00963464
0.85 4.75428 0.00960645
0.855 4.8016 0.00958284
0.86 4.84939 0.00956383
0.865 4.89765 0.00954943
0.87 4.94639 0.00953965
0.875 4.99562 0.00953454
0.88 5.04534 0.00953412
0.885 5.09555 0.00953844
0.89 5.14626 0.00954756
0.895 5.19748 0.00956152
0.9 5.2492 0.0095804
0.905 5.30144 0.00960428
0.91 5.3542 0.00963323
0.915 5.40749 0.00966735
0.92 5.4613 0.00970674
0.925 5.51565 0.00975152
0.93 5.57054 0.00980181
0.935 5.62597 0.00985773
0.94 5.68195 0.00991943
0.945 5.73849 0.00998708
0.95 5.79559 0.0100608
0.955 5.85325 0.0101409
0.96 5.91149 0.0102274
0.965 5.9703 0.0103206
0.97 6.0297 0.0104208
0.975 6.08968 0.0105281
0.98 6.15026 0.0106428
0.985 6.21143 0.0107652
0.99 6.27321 0.0108956
0.995 6.3356 0.0110343
1 6.39861 0.0111817
1.005 6.46224 0.0113381
1.01 6.52649 0.0115039
1.015 6.59138 0.0116795
1.02 6.65691 0.0118654
1.025 6.72308 0.012062
1.03 6.78991 0.0122698
1.035 6.85739 0.0124894
1.04 6.92554 0.0127214
1.045 6.99435 0.0129664
1.05 7.06384 0.013225
1.055 7.13401 0.0134979
1.06 7.20487 0.0137859
1.065 7.27643 0.0140899
1.07 7.34868 0.0144107
1.075 7.42163 0.0147491
1.08 7.4953 0.0151063
1.085 7.56969 0.0154832
1.09 7.6448 0.0158811
1.095 7.72064 0.0163011
1.1 7.79722 0.0167446
1.105 7.87454 0.017213
1.11 7.95261 0.0177078
1.115 8.03143 0.0182306
1.12 8.11101 0.0187833
1.125 8.19136 0.0193676
1.13 8.27248 0.0199857
1.135 8.35438 0.0206398
1.14 8.43706 0.0213321
1.145 8.52053 0.0220653
1.15 8.60479 0.0228421
1.155 8.68986 0.0236655
1.16 8.77573 0.0245387
1.165 8.86241 0.0254653
1.17 8.94991 0.0264488
1.175 9.03822 0.0274935
1.18 9.12736 0.0286038
1.185 9.21733 0.0297844
1.19 9.30813 0.0310405
1.195 9.39977 0.0323777
1.2 9.49224 0.0338023
1.205 9.58556 0.0353208
1.21 9.67972 0.0369404
1.215 9.77473 0.0386691
1.22 9.87059 0.0405155
1.225 9.9673 0.0424888
1.23 10.0649 0.0445994
1.235 10.1633 0.0468583
1.24 10.2625 0.0492777
1.245 10.3626 0.0518709
1.25 10.4635 0.0546525
1.255 10.5653 0.0576385
1.26 10.6679 0.0608463
1.265 10.7714 0.064295
1.27 10.8756 0.0680057
1.275 10.9807 0.0720014
1.28 11.0865 0.0763076
1.285 11.1932 0.0809521
1.29 11.3006 0.0859656
1.295 11.4087 0.0913819
1.3 11.5176 0.0972383
1.305 11.6272 0.103576
1.31 11.7374 0.11044
1.315 11.8483 0.117881
1.32 11.9598 0.125954
1.325 12.0719 0.13472
1.33 12.1845 0.144247
1.335 12.2975 0.15461
1.34 12.411 0.165893
1.345 12.5248 0.178187
1.35 12.6389 0.191596
1.355 12.7532 0.206231
1.36 12.8675 0.222221
1.365 12.9819 0.239704
1.37 13.0962 0.258837
1.375 13.2102 0.279793
1.38 13.3238 0.302765
1.385 13.4369 0.327966
1.39 13.5492 0.355636
1.395 13.6606 0.386041
1.4 13.7709 0.419474
1.405 13.8797 0.456266
1.41 13.9868 0.49678
1.415 14.0919 0.541425
1.42 14.1947 0.590651
1.425 14.2947 0.64496
1.43 14.3916 0.704907
1.435 14.4848 0.771109
1.44 14.5738 0.844247
1.445 14.658 0.925074
1.45 14.7368 1.01442
1.455 14.8094 1.11319
1.46 14.8751 1.22239
1.465 14.9329 1.3431
1.47 14.982 1.47651
1.475 15.0212 1.62389
1.48 15.0494 1.78662
1.485 15.0655 1.96617
1.49 15.068 2.16407
1.495 15.0557 2.38195
1.5 15.0269 2.62147
1.505 14.9802 2.88433
1.51 14.914 3.17219
1.515 14.8266 3.48668
1.52 14.7164 3.8293
1.525 14.5818 4.20137
1.53 14.4213 4.60393
1.535 14.2335 5.03768
1.54 14.0173 5.50283
1.545 13.7718 5.99904
1.55 13.4964 6.52527
1.555 13.1911 7.07968
1.56 12.856 7.65958
1.565 12.4922 8.26132
1.57 12.1011 8.88028
1.575 11.6848 9.51088
1.58 11.246 10.1467
1.585 10.7879 10.7804
1.59 10.3143 11.4044
1.595 9.82933 12.0105
1.6 9.33735 12.5905
1.605 8.84291 13.1366
1.61 8.35051 13.6414
1.615 7.86445 14.0985
1.62 7.38871 14.5023
1.625 6.92683 14.8487
1.63 6.48183 15.1348
1.635 6.05614 15.3591
1.64 5.65162 15.5213
1.645 5.26953 15.6225
1.65 4.91061 15.6646
1.655 4.5751 15.6506
1.66 4.26284 15.5841
1.665 3.97331 15.4692
1.67 3.70572 15.3104
1.675 3.4591 15.1122
1.68 3.23232 14.8793
1.685 3.02416 14.6163
1.69 2.8334 14.3275
1.695 2.65875 14.0171
1.7 2.499 13.6889
1.705 2.35295 13.3466
1.71 2.21946 12.9933
1.715 2.09746 12.632
1.72 1.98596 12.2654
1.725 1.88403 11.8957
1.73 1.79081 11.525
1.735 1.70552 11.1551
1.74 1.62745 10.7876
1.745 1.55594 10.4238
1.75 1.49041 10.0648
1.755 1.43031 9.71158
1.76 1.37516 9.36491
1.765 1.32452 9.02545
1.77 1.27799 8.69372
1.775 1.23522 8.37014
1.78 1.19588 8.05502
1.785 1.15967 7.7486
1.79 1.12634 7.45103
1.795 1.09564 7.1624
1.8 1.06736 6.88275
1.805 1.0413 6.61208
1.81 1.01729 6.35033
1.815 0.995161 6.09741
1.82 0.974773 5.85322
1.825 0.955993 5.61761
1.83 0.938701 5.39044
1.835 0.922788 5.17152
1.84 0.908155 4.96066
1.845 0.894711 4.75768
1.85 0.882375 4.56236
1.855 0.87107 4.3745
1.86 0.860728 4.19388
1.865 0.851286 4.02029
1.87 0.842687 3.8535
1.875 0.834878 3.69329
1.88 0.827809 3.53946
1.885 0.821437 3.39179
1.89 0.815721 3.25006
1.895 0.810622 3.11407
1.9 0.806107 2.98361
1.905 0.802142 2.85848
1.91 0.798699 2.73849
1.915 0.79575 2.62343
1.92 0.79327 2.51314
1.925 0.791234 2.40742
1.93 0.789623 2.30609
1.935 0.788414 2.209
1.94 0.78759 2.11597
1.945 0.787134 2.02683
1.95 0.787028 1.94144
1.955 0.787258 1.85965
1.96 0.787811 1.78131
1.965 0.788672 1.70628
1.97 0.78983 1.63442
1.975 0.791274 1.56561
1.98 0.792993 1.49972
1.985 0.794976 1.43662
1.99 0.797216 1.37621
1.995 0.799702 1.31837
2 0.802428 1.263
2.005 0.805385 1.20998
2.01 0.808566 1.15923
2.015 0.811965 1.11064
2.02 0.815576 1.06413
2.025 0.819392 1.0196
2.03 0.823409 0.976974
2.035 0.827621 0.936169
2.04 0.832023 0.897109
2.045 0.836611 0.859718
2.05 0.841381 0.823924
2.055 0.846329 0.78966
2.06 0.85145 0.75686
2.065 0.856743 0.725462
2.07 0.862202 0.695404
2.075 0.867827 0.66663
2.08 0.873612 0.639083
2.085 0.879557 0.612712
2.09 0.885658 0.587466
2.095 0.891913 0.563295
2.1 0.89832 0.540155
2.105 0.904877 0.517999
2.11 0.911582 0.496787
2.115 0.918434 0.476476
2.12 0.92543 0.457028
2.125 0.932569 0.438406
2.13 0.939851 0.420574
2.135 0.947273 0.403498
2.14 0.954835 0.387146
2.145 0.962535 0.371485
2.15 0.970372 0.356486
2.155 0.978346 0.342121
2.16 0.986456 0.328362
2.165 0.994701 0.315184
2.17 1.00308 0.302559
2.175 1.01159 0.290466
2.18 1.02024 0.278881
2.185 1.02902 0.267783
2.19 1.03793 0.257149
2.195 1.04698 0.246961
2.2 1.05615 0.237198
2.205 1.06546 0.227843
2.21 1.0749 0.218879
2.215 1.08448 0.210288
2.22 1.09418 0.202054
2.225 1.10402 0.194162
2.23 1.11399 0.186597
2.235 1.12409 0.179346
2.24 1.13432 0.172395
2.245 1.14469 0.165731
2.25 1.15518 0.159341
2.255 1.16582 0.153215
2.26 1.17658 0.14734
2.265 1.18748 0.141707
2.27 1.19851 0.136304
2.275 1.20968 0.131123
2.28 1.22098 0.126153
2.285 1.23242 0.121385
2.29 1.244 0.116812
2.295 1.25571 0.112425
2.3 1.26757 0.108215
2.305 1.27956 0.104176
2.31 1.29168 0.1003
2.315 1.30395 0.0965808
2.32 1.31636 0.0930112
2.325 1.32891 0.089585
2.33 1.34161 0.0862962
2.335 1.35445 0.0831392
2.34 1.36743 0.0801083
2.345 1.38055 0.0771983
2.35 1.39383 0.0744041
2.355 1.40725 0.071721
2.36 1.42081 0.0691442
2.365 1.43453 0.0666694
2.37 1.4484 0.0642924
2.375 1.46242 0.062009
2.38 1.47659 0.0598153
2.385 1.49091 0.0577078
2.39 1.50539 0.0556828
2.395 1.52002 0.0537369
2.4 1.53482 0.0518669
2.405 1.54977 0.0500696
2.41 1.56488 0.0483421
2.415 1.58015 0.0466814
2.42 1.59558 0.045085
2.425 1.61118 0.0435501
2.43 1.62694 0.0420743
2.435 1.64286 0.0406551
2.44 1.65896 0.0392902
2.445 1.67522 0.0379775
2.45 1.69166 0.0367149
2.455 1.70826 0.0355002
2.46 1.72504 0.0343316
2.465 1.742 0.0332073
2.47 1.75913 0.0321254
2.475 1.77644 0.0310843
2.48 1.79392 0.0300822
2.485 1.81159 0.0291178
2.49 1.82945 0.0281894
2.495 1.84748 0.0272956
2.5 1.8657 0.0264351
2.505 1.88412 0.0256066
2.51 1.90272 0.0248087
2.515 1.92151 0.0240403
2.52 1.94049 0.0233002
2.525 1.95967 0.0225874
2.53 1.97904 0.0219006
2.535 1.99862 0.021239
2.54 2.01839 0.0206016
2.545 2.03837 0.0199873
2.55 2.05855 0.0193953
2.555 2.07893 0.0188248
2.56 2.09953 0.018275
2.565 2.12033 0.0177449
2.57 2.14135 0.0172339
2.575 2.16258 0.0167412
2.58 2.18402 0.0162662
2.585 2.20568 0.0158082
2.59 2.22757 0.0153664
2.595 2.24967 0.0149404
2.6 2.272 0.0145295
2.605 2.29455 0.0141331
2.61 2.31734 0.0137508
2.615 2.34035 0.0133819
2.62 2.3636 0.013026
2.625 2.38708 0.0126826
2.63 2.4108 0.0123512
2.635 2.43476 0.0120314
2.64 2.45896 0.0117227
2.645 2.4834 0.0114249
2.65 2.5081 0.0111373
2.655 2.53304 0.0108598
2.66 2.55823 0.0105919
2.665 2.58368 0.0103333
2.67 2.60938 0.0100836
2.675 2.63534 0.00984253
2.68 2.66157 0.00960979
2.685 2.68805 0.00938507
2.69 2.71481 0.00916809
2.695 2.74183 0.00895858
2.7 2.76913 0.00875628
2.705 2.7967 0.00856094
2.71 2.82455 0.00837232
2.715 2.85267 0.00819018
2.72 2.88108 0.00801431
2.725 2.90978 0.0078445
2.73 2.93876 0.00768053
2.735 2.96804 0.00752222
2.74 2.99761 0.00736937
2.745 3.02747 0.0072218
2.75 3.05764 0.00707935
2.755 3.0881 0.00694184
2.76 3.11888 0.00680912
2.765 3.14996 0.00668104
2.77 3.18136 0.00655743
2.775 3.21306 0.00643818
2.78 3.24509 0.00632313
2.785 3.27744 0.00621217
2.79 3.31011 0.00610516
2.795 3.34311 0.00600199
2.8 3.37644 0.00590254
2.805 3.41011 0.00580671
2.81 3.44411 0.00571439
2.815 3.47845 0.00562548
2.82 3.51314 0.00553989
2.825 3.54817 0.00545752
2.83 3.58356 0.00537828
2.835 3.6193 0.0053021
2.84 3.6554 0.0052289
2.845 3.69185 0.00515859
2.85 3.72868 0.00509111
2.855 3.76587 0.00502638
2.86 3.80343 0.00496435
2.865 3.84137 0.00490495
2.87 3.87969 0.00484812
2.875 3.9184 0.0047938
2.88 3.95749 0.00474195
2.885 3.99697 0.00469252
2.89 4.03684 0.00464545
2.895 4.07712 0.00460071
2.9 4.11779 0.00455825
2.905 4.15888 0.00451803
2.91 4.20037 0.00448003
2.915 4.24228 0.00444421
2.92 4.28461 0.00441053
2.925 4.32736 0.00437898
2.93 4.37054 0.00434953
2.935 4.41415 0.00432215
2.94 4.4582 0.00429683
2.945 4.50268 0.00427355
2.95 4.54762 0.00425229
2.955 4.59299 0.00423306
2.96 4.63883 0.00421583
2.965 4.68512 0.0042006
2.97 4.73187 0.00418738
2.975 4.77909 0.00417615
2.98 4.82678 0.00416692
2.985 4.87495 0.0041597
2.99 4.9236 0.0041545
2.995 4.97273 0.00415133
3 5.02235 0.0041502
3.005 5.07247 0.00415112
3.01 5.12309 0.00415413
3.015 5.17422 0.00415925
3.02 5.22585 0.00416649
3.025 5.278 0.0041759
3.03 5.33067 0.00418751
3.035 5.38387 0.00420136
3.04 5.43759 0.00421749
3.045 5.49185 0.00423594
3.05 5.54666 0.00425678
3.055 5.602 0.00428005
3.06 5.6579 0.00430581
3.065 5.71436 0.00433414
3.07 5.77138 0.0043651
3.075 5.82897 0.00439877
3.08 5.88713 0.00443524
3.085 5.94587 0.00447458
3.09 6.0052 0.00451691
3.095 6.06511 0.00456231
3.1 6.12563 0.00461091
3.105 6.18674 0.00466281
3.11 6.24846 0.00471814
3.115 6.3108 0.00477705
3.12 6.37376 0.00483966
3.125 6.43734 0.00490615
3.13 6.50156 0.00497667
3.135 6.56641 0.0050514
3.14 6.63191 0.00513052
3.145 6.69806 0.00521425
3.15 6.76487 0.00530279
3.155 6.83233 0.00539637
3.16 6.90047 0.00549525
3.165 6.96929 0.00559969
3.17 7.03879 0.00570996
3.175 7.10897 0.00582638
3.18 7.17986 0.00594926
3.185 7.25144 0.00607894
3.19 7.32373 0.0062158
3.195 7.39674 0.00636024
3.2 7.47048 0.00651268
3.205 7.54494 0.00667358
3.21 7.62014 0.00684341
3.215 7.69608 0.00702272
3.22 7.77277 0.00721206
3.225 7.85021 0.00741203
3.23 7.92843 0.00762329
3.235 8.00741 0.00784653
3.24 8.08717 0.00808251
3.245 8.16771 0.00833203
3.25 8.24905 0.00859597
3.255 8.33119 0.00887525
3.26 8.41413 0.00917091
3.265 8.49788 0.00948401
3.27 8.58246 0.00981575
3.275 8.66786 0.0101674
3.28 8.7541 0.0105403
3.285 8.84118 0.010936
3.29 8.92911 0.0113561
3.295 9.01789 0.0118023
3.3 9.10754 0.0122765
3.305 9.19806 0.0127807
3.31 9.28945 0.0133173
3.315 9.38172 0.0138885
3.32 9.47489 0.0144971
3.325 9.56895 0.0151458
3.33 9.66392 0.0158378
3.335 9.75979 0.0165765
3.34 9.85658 0.0173655
3.345 9.95429 0.0182089
3.35 10.0529 0.019111
3.355 10.1525 0.0200766
3.36 10.253 0.0211111
3.365 10.3544 0.02222
3.37 10.4568 0.0234098
3.375 10.5602 0.0246872
3.38 10.6645 0.0260599
3.385 10.7697 0.0275361
3.39 10.876 0.0291248
3.395 10.9831 0.0308362
3.4 11.0913 0.0326812
3.405 11.2004 0.0346719
3.41 11.3104 0.0368216
3.415 11.4215 0.0391452
3.42 11.5334 0.0416589
3.425 11.6464 0.0443807
3.43 11.7602 0.0473304
3.435 11.8751 0.05053
3.44 11.9908 0.054004
3.445 12.1075 0.0577793
3.45 12.2251 0.061886
3.455 12.3435 0.0663573
3.46 12.4629 0.0712303
3.465 12.5831 0.0765461
3.47 12.7041 0.0823506
3.475 12.8259 0.088695
3.48 12.9485 0.0956361
3.485 13.0717 0.103238
3.49 13.1957 0.111571
3.495 13.3203 0.120715
3.5 13.4455 0.130759
3.505 13.5711 0.141802
3.51 13.6972 0.153956
3.515 13.8237 0.167346
3.52 13.9503 0.182112
3.525 14.0771 0.198411
3.53 14.2039 0.216421
3.535 14.3306 0.236341
3.54 14.457 0.258393
3.545 14.5829 0.282829
3.55 14.7081 0.309932
3.555 14.8324 0.340021
3.56 14.9555 0.373453
3.565 15.0771 0.410632
3.57 15.1969 0.452011
3.575 15.3145 0.498102
3.58 15.4295 0.549479
3.585 15.5414 0.606788
3.59 15.6497 0.670752
3.595 15.7537 0.742185
3.6 15.8528 0.821997
3.605 15.9462 0.911207
3.61 16.033 1.01095
3.615 16.1123 1.12249
3.62 16.183 1.24722
3.625 16.2439 1.3867
3.63 16.2937 1.54262
3.635 16.3309 1.71683
3.64 16.3541 1.91137
3.645 16.3613 2.12838
3.65 16.3508 2.3702
3.655 16.3205 2.63923
3.66 16.2684 2.93801
3.665 16.1921 3.26908
3.67 16.0893 3.63495
3.675 15.9578 4.03805
3.68 15.7952 4.48053
3.685 15.5993 4.96421
3.69 15.3681 5.49038
3.695 15.0999 6.05963
3.7 14.7934 6.67164
3.705 14.4478 7.32503
3.71 14.0632 8.01708
3.715 13.6401 8.74368
3.72 13.1802 9.49915
3.725 12.686 10.2762
3.73 12.161 11.066
3.735 11.6097 11.8585
3.74 11.0375 12.6423
3.745 10.4502 13.4055
3.75 9.8542 14.1362
3.755 9.25624 14.8224
3.76 8.66281 15.4532
3.765 8.08009 16.0193
3.77 7.51371 16.5127
3.775 6.96849 16.9277
3.78 6.44837 17.261
3.785 5.95633 17.511
3.79 5.49439 17.6784
3.795 5.06367 17.7658
3.8 4.66451 17.7771
3.805 4.29654 17.7175
3.81 3.95889 17.5929
3.815 3.65024 17.4097
3.82 3.36899 17.1747
3.825 3.11337 16.8946
3.83 2.88151 16.5759
3.835 2.67151 16.2247
3.84 2.4815 15.8469
3.845 2.3097 15.4478
3.85 2.15439 15.0322
3.855 2.01401 14.6045
3.86 1.88708 14.1684
3.865 1.77227 13.7273
3.87 1.66835 13.2842
3.875 1.57422 12.8417
3.88 1.48888 12.4017
3.885 1.41145 11.9663
3.89 1.34112 11.5369
3.895 1.27717 11.1147
3.9 1.21896 10.701
3.905 1.16593 10.2964
3.91 1.11756 9.90159
3.915 1.07341 9.51716
3.92 1.03307 9.14346
3.925 0.996169 8.78075
3.93 0.962395 8.42918
3.935 0.931458 8.08885
3.94 0.9031 7.75975
3.945 0.877092 7.44184
3.95 0.853227 7.13502
3.955 0.83132 6.83915
3.96 0.811206 6.55404
3.965 0.792735 6.27951
3.97 0.775772 6.01531
3.975 0.760197 5.76121
3.98 0.745901 5.51695
3.985 0.732784 5.28225
3.99 0.720758 5.05685
3.995 0.709742 4.84045
4 0.699662 4.63278
