0 0 3.14159
0.005 -6.00689e-18 3.14159
0.01 -1.14131e-17 3.14159
0.015 -1.62787e-17 3.14159
0.02 -2.06577e-17 3.14159
0.025 -2.45988e-17 3.14159
0.03 -2.81458e-17 3.14159
0.035 -3.13381e-17 3.14159
0.04 -3.42112e-17 3.14159
0.045 -3.6797e-17 3.14159
0.05 -3.91242e-17 3.14159
0.055 -4.12187e-17 3.14159
0.06 -4.31037e-17 3.14159
0.065 -4.48002e-17 3.14159
0.07 -4.63271e-17 3.14159
0.075 -4.77013e-17 3.14159
0.08 -4.8938e-17 3.14159
0.085 -5.00511e-17 3.14159
0.09 -5.10529e-17 3.14159
0.095 -5.19545e-17 3.14159
0.1 -5.27659e-17 3.14159
0.105 -5.34962e-17 3.14159
0.11 -5.41535e-17 3.14159
0.115 -5.47451e-17 3.14159
0.12 -5.52774e-17 3.14159
0.125 -5.57566e-17 3.14159
0.13 -5.61878e-17 3.14159
0.135 -5.65759e-17 3.14159
0.14 -5.69252e-17 3.14159
0.145 -5.72396e-17 3.14159
0.15 -5.75225e-17 3.14159
0.155 -5.77772e-17 3.14159
0.16 -5.80063e-17 3.14159
0.165 -5.82126e-17 3.14159
0.17 -5.83982e-17 3.14159
0.175 -5.85653e-17 3.14159
0.18 -5.87157e-17 3.14159
0.185 -5.8851e-17 3.14159
0.19 -5.89728e-17 3.14159
0.195 -5.90824e-17 3.14159
0.2 -5.91811e-17 3.14159
0.205 -5.92698e-17 3.14159
0.21 -5.93497e-17 3.14159
0.215 -5.94217e-17 3.14159
0.22 -5.94864e-17 3.14159
0.225 -5.95446e-17 3.14159
0.23 -5.95971e-17 3.14159
0.235 -5.96443e-17 3.14159
0.24 -5.96867e-17 3.14159
0.245 -5.97249e-17 3.14159
0.25 -5.97593e-17 3.14159
0.255 -5.97903e-17 3.14159
0.26 -5.98182e-17 3.14159
0.265 -5.98432e-17 3.14159
0.27 -5.98658e-17 3.14159
0.275 -5.98861e-17 3.14159
0.28 -5.99044e-17 3.14159
0.285 -5.99209e-17 3.14159
0.29 -5.99357e-17 3.14159
0.295 -5.9949e-17 3.14159
0.3 -5.9961e-17 3.14159
0.305 -5.99718e-17 3.14159
0.31 -5.99815e-17 3.14159
0.315 -5.99902e-17 3.14159
0.32 -5.99981e-17 3.14159
0.325 -6.00052e-17 3.14159
0.33 -6.00116e-17 3.14159
0.335 -6.00173e-17 3.14159
0.34 -6.00225e-17 3.14159
0.345 -6.00271e-17 3.14159
0.35 -6.00313e-17 3.14159
0.355 -6.00351e-17 3.14159
0.36 -6.00384e-17 3.14159
0.365 -6.00415e-17 3.14159
0.37 -6.00442e-17 3.14159
0.375 -6.00467e-17 3.14159
0.38 -6.00489e-17 3.14159
0.385 -6.00509e-17 3.14159
0.39 -6.00527e-17 3.14159
0.395 -6.00543e-17 3.14159
0.4 -6.00558e-17 3.14159
0.405 -6.00571e-17 3.14159
0.41 -6.00583e-17 3.14159
0.415 -6.00594e-17 3.14159
0.42 -6.00603e-17 3.14159
0.425 -6.00612e-17 3.14159
0.43 -6.0062e-17 3.14159
0.435 -6.00626e-17 3.14159
0.44 -6.00633e-17 3.14159
0.445 -6.00638e-17 3.14159
0.45 -6.00643e-17 3.14159
0.455 -6.00648e-17 3.14159
0.46 -6.00652e-17 3.14159
0.465 -6.00656e-17 3.14159
0.47 -6.00659e-17 3.14159
0.475 -6.00662e-17 3.14159
0.48 -6.00665e-17 3.14159
0.485 -6.00667e-17 3.14159
0.49 -6.0067e-17 3.14159
0.495 -6.00672e-17 3.14159
0.5 -6.00673e-17 3.14159
0.505 -6.00675e-17 3.14159
0.51 -6.00676e-17 3.14159
0.515 -6.00678e-17 3.14159
0.52 -6.00679e-17 3.14159
0.525 -6.0068e-17 3.14159
0.53 -6.00681e-17 3.14159
0.535 -6.00682e-17 3.14159
0.54 -6.00682e-17 3.14159
0.545 -6.00683e-17 3.14159
0.55 -6.00684e-17 3.14159
0.555 -6.00684e-17 3.14159
0.56 -6.00685e-17 3.14159
0.565 -6.00685e-17 3.14159
0.57 -6.00686e-17 3.14159
0.575 -6.00686e-17 3.14159
0.58 -6.00686e-17 3.14159
0.585 -6.00687e-17 3.14159
0.59 -6.00687e-17 3.14159
0.595 -6.00687e-17 3.14159
0.6 -6.00687e-17 3.14159
0.605 -6.00688e-17 3.14159
0.61 -6.00688e-17 3.14159
0.615 -6.00688e-17 3.14159
0.62 -6.00688e-17 3.14159
0.625 -6.00688e-17 3.14159
0.63 -6.00688e-17 3.14159
0.635 -6.00688e-17 3.14159
0.64 -6.00688e-17 3.14159
0.645 -6.00689e-17 3.14159
0.65 -6.00689e-17 3.14159
0.655 -6.00689e-17 3.14159
0.66 -6.00689e-17 3.14159
0.665 -6.00689e-17 3.14159
0.67 -6.00689e-17 3.14159
0.675 -6.00689e-17 3.14159
0.68 -6.00689e-17 3.14159
0.685 -6.00689e-17 3.14159
0.69 -6.00689e-17 3.14159
0.695 -6.00689e-17 3.14159
0.7 -6.00689e-17 3.14159
0.705 -6.00689e-17 3.14159
0.71 -6.00689e-17 3.14159
0.715 -6.00689e-17 3.14159
0.72 -6.00689e-17 3.14159
0.725 -6.00689e-17 3.14159
0.73 -6.00689e-17 3.14159
0.735 -6.00689e-17 3.14159
0.74 -6.00689e-17 3.14159
0.745 -6.00689e-17 3.14159
0.75 -6.00689e-17 3.14159
0.755 -6.00689e-17 3.14159
0.76 -6.00689e-17 3.14159
0.765 -6.00689e-17 3.14159
0.77 -6.00689e-17 3.14159
0.775 -6.00689e-17 3.14159
0.78 -6.00689e-17 3.14159
0.785 -6.00689e-17 3.14159
0.79 -6.00689e-17 3.14159
0.795 -6.00689e-17 3.14159
0.8 -6.00689e-17 3.14159
0.805 -6.00689e-17 3.14159
0.81 -6.00689e-17 3.14159
0.815 -6.00689e-17 3.14159
0.82 -6.00689e-17 3.14159
0.825 -6.00689e-17 3.14159
0.83 -6.00689e-17 3.14159
0.835 -6.00689e-17 3.14159
0.84 -6.00689e-17 3.14159
0.845 -6.00689e-17 3.14159
0.85 -6.00689e-17 3.14159
0.855 -6.00689e-17 3.14159
0.86 -6.00689e-17 3.14159
0.865 -6.00689e-17 3.14159
0.87 -6.00689e-17 3.14159
0.875 -6.00689e-17 3.14159
0.88 -6.00689e-17 3.14159
0.885 -6.00689e-17 3.14159
0.89 -6.00689e-17 3.14159
0.895 -6.00689e-17 3.14159
0.9 -6.00689e-17 3.14159
0.905 -6.00689e-17 3.14159
0.91 -6.00689e-17 3.14159
0.915 -6.00689e-17 3.14159
0.92 -6.00689e-17 3.14159
0.925 -6.00689e-17 3.14159
0.93 -6.00689e-17 3.14159
0.935 -6.00689e-17 3.14159
0.94 -6.00689e-17 3.14159
0.945 -6.00689e-17 3.14159
0.95 -6.00689e-17 3.14159
0.955 -6.00689e-17 3.14159
0.96 -6.00689e-17 3.14159
0.965 -6.00689e-17 3.14159
0.97 -6.00689e-17 3.14159
0.975 -6.00689e-17 3.14159
0.98 -6.00689e-17 3.14159
0.985 -6.00689e-17 3.14159
0.99 -6.00689e-17 3.14159
0.995 -6.00689e-17 3.14159
1 -6.00689e-17 3.14159
1.005 -6.00689e-17 3.14159
1.01 -6.00689e-17 3.14159
1.015 -6.00689e-17 3.14159
1.02 -6.00689e-17 3.14159
1.025 -6.00689e-17 3.14159
1.03 -6.00689e-17 3.14159
1.035 -6.00689e-17 3.14159
1.04 -6.00689e-17 3.14159
1.045 -6.00689e-17 3.14159
1.05 -6.00689e-17 3.14159
1.055 -6.00689e-17 3.14159
1.06 -6.00689e-17 3.14159
1.065 -6.00689e-17 3.14159
1.07 -6.00689e-17 3.14159
1.075 -6.00689e-17 3.14159
1.08 -6.00689e-17 3.14159
1.085 -6.00689e-17 3.14159
1.09 -6.00689e-17 3.14159
1.095 -6.00689e-17 3.14159
1.1 -6.00689e-17 3.14159
1.105 -6.00689e-17 3.14159
1.11 -6.00689e-17 3.14159
1.115 -6.00689e-17 3.14159
1.12 -6.00689e-17 3.14159
1.125 -6.00689e-17 3.14159
1.13 -6.00689e-17 3.14159
1.135 -6.00689e-17 3.14159
1.14 -6.00689e-17 3.14159
1.145 -6.00689e-17 3.14159
1.15 -6.00689e-17 3.14159
1.155 -6.00689e-17 3.14159
1.16 -6.00689e-17 3.14159
1.165 -6.00689e-17 3.14159
1.17 -6.00689e-17 3.14159
1.175 -6.00689e-17 3.14159
1.18 -6.00689e-17 3.14159
1.185 -6.00689e-17 3.14159
1.19 -6.00689e-17 3.14159
1.195 -6.00689e-17 3.14159
1.2 -6.00689e-17 3.14159
1.205 -6.00689e-17 3.14159
1.21 -6.00689e-17 3.14159
1.215 -6.00689e-17 3.14159
1.22 -6.00689e-17 3.14159
1.225 -6.00689e-17 3.14159
1.23 -6.00689e-17 3.14159
1.235 -6.00689e-17 3.14159
1.24 -6.00689e-17 3.14159
1.245 -6.00689e-17 3.14159
1.25 -6.00689e-17 3.14159
1.255 -6.00689e-17 3.14159
1.26 -6.00689e-17 3.14159
1.265 -6.00689e-17 3.14159
1.27 -6.00689e-17 3.14159
1.275 -6.00689e-17 3.14159
1.28 -6.00689e-17 3.14159
1.285 -6.00689e-17 3.14159
1.29 -6.00689e-17 3.14159
1.295 -6.00689e-17 3.14159
1.3 -6.00689e-17 3.14159
1.305 -6.00689e-17 3.14159
1.31 -6.00689e-17 3.14159
1.315 -6.00689e-17 3.14159
1.32 -6.00689e-17 3.14159
1.325 -6.00689e-17 3.14159
1.33 -6.00689e-17 3.14159
1.335 -6.00689e-17 3.14159
1.34 -6.00689e-17 3.14159
1.345 -6.00689e-17 3.14159
1.35 -6.00689e-17 3.14159
1.355 -6.00689e-17 3.14159
1.36 -6.00689e-17 3.14159
1.365 -6.00689e-17 3.14159
1.37 -6.00689e-17 3.14159
1.375 -6.00689e-17 3.14159
1.38 -6.00689e-17 3.14159
1.385 -6.00689e-17 3.14159
1.39 -6.00689e-17 3.14159
1.395 -6.00689e-17 3.14159
1.4 -6.00689e-17 3.14159
1.405 -6.00689e-17 3.14159
1.41 -6.00689e-17 3.14159
1.415 -6.00689e-17 3.14159
1.42 -6.00689e-17 3.14159
1.425 -6.00689e-17 3.14159
1.43 -6.00689e-17 3.14159
1.435 -6.00689e-17 3.14159
1.44 -6.00689e-17 3.14159
1.445 -6.00689e-17 3.14159
1.45 -6.00689e-17 3.14159
1.455 -6.00689e-17 3.14159
1.46 -6.00689e-17 3.14159
1.465 -6.00689e-17 3.14159
1.47 -6.00689e-17 3.14159
1.475 -6.00689e-17 3.14159
1.48 -6.00689e-17 3.14159
1.485 -6.00689e-17 3.14159
1.49 -6.00689e-17 3.14159
1.495 -6.00689e-17 3.14159
1.5 -6.00689e-17 3.14159
1.505 -6.00689e-17 3.14159
1.51 -6.00689e-17 3.14159
1.515 -6.00689e-17 3.14159
1.52 -6.00689e-17 3.14159
1.525 -6.00689e-17 3.14159
1.53 -6.00689e-17 3.14159
1.535 -6.00689e-17 3.14159
1.54 -6.00689e-17 3.14159
1.545 -6.00689e-17 3.14159
1.55 -6.00689e-17 3.14159
1.555 -6.00689e-17 3.14159
1.56 -6.00689e-17 3.14159
1.565 -6.00689e-17 3.14159
1.57 -6.00689e-17 3.14159
1.575 -6.00689e-17 3.14159
1.58 -6.00689e-17 3.14159
1.585 -6.00689e-17 3.14159
1.59 -6.00689e-17 3.14159
1.595 -6.00689e-17 3.14159
1.6 -6.00689e-17 3.14159
1.605 -6.00689e-17 3.14159
1.61 -6.00689e-17 3.14159
1.615 -6.00689e-17 3.14159
1.62 -6.00689e-17 3.14159
1.625 -6.00689e-17 3.14159
1.63 -6.00689e-17 3.14159
1.635 -6.00689e-17 3.14159
1.64 -6.00689e-17 3.14159
1.645 -6.00689e-17 3.14159
1.65 -6.00689e-17 3.14159
1.655 -6.00689e-17 3.14159
1.66 -6.00689e-17 3.14159
1.665 -6.00689e-17 3.14159
1.67 -6.00689e-17 3.14159
1.675 -6.00689e-17 3.14159
1.68 -6.00689e-17 3.14159
1.685 -6.00689e-17 3.14159
1.69 -6.00689e-17 3.14159
1.695 -6.00689e-17 3.14159
1.7 -6.00689e-17 3.14159
1.705 -6.00689e-17 3.14159
1.71 -6.00689e-17 3.14159
1.715 -6.00689e-17 3.14159
1.72 -6.00689e-17 3.14159
1.725 -6.00689e-17 3.14159
1.73 -6.00689e-17 3.14159
1.735 -6.00689e-17 3.14159
1.74 -6.00689e-17 3.14159
1.745 -6.00689e-17 3.14159
1.75 -6.00689e-17 3.14159
1.755 -6.00689e-17 3.14159
1.76 -6.00689e-17 3.14159
1.765 -6.00689e-17 3.14159
1.77 -6.00689e-17 3.14159
1.775 -6.00689e-17 3.14159
1.78 -6.00689e-17 3.14159
1.785 -6.00689e-17 3.14159
1.79 -6.00689e-17 3.14159
1.795 -6.00689e-17 3.14159
1.8 -6.00689e-17 3.14159
1.805 -6.00689e-17 3.14159
1.81 -6.00689e-17 3.14159
1.815 -6.00689e-17 3.14159
1.82 -6.00689e-17 3.14159
1.825 -6.00689e-17 3.14159
1.83 -6.00689e-17 3.14159
1.835 -6.00689e-17 3.14159
1.84 -6.00689e-17 3.14159
1.845 -6.00689e-17 3.14159
1.85 -6.00689e-17 3.14159
1.855 -6.00689e-17 3.14159
1.86 -6.00689e-17 3.14159
1.865 -6.00689e-17 3.14159
1.87 -6.00689e-17 3.14159
1.875 -6.00689e-17 3.14159
1.88 -6.00689e-17 3.14159
1.885 -6.00689e-17 3.14159
1.89 -6.00689e-17 3.14159
1.895 -6.00689e-17 3.14159
1.9 -6.00689e-17 3.14159
1.905 -6.00689e-17 3.14159
1.91 -6.00689e-17 3.14159
1.915 -6.00689e-17 3.14159
1.92 -6.00689e-17 3.14159
1.925 -6.00689e-17 3.14159
1.93 -6.00689e-17 3.14159
1.935 -6.00689e-17 3.14159
1.94 -6.00689e-17 3.14159
1.945 -6.00689e-17 3.14159
1.95 -6.00689e-17 3.14159
1.955 -6.00689e-17 3.14159
1.96 -6.00689e-17 3.14159
1.965 -6.00689e-17 3.14159
1.97 -6.00689e-17 3.14159
1.975 -6.00689e-17 3.14159
1.98 -6.00689e-17 3.14159
1.985 -6.00689e-17 3.14159
1.99 -6.00689e-17 3.14159
1.995 -6.00689e-17 3.14159
2 -6.00689e-17 3.14159
2.005 -6.00689e-17 3.14159
2.01 -6.00689e-17 3.14159
2.015 -6.00689e-17 3.14159
2.02 -6.00689e-17 3.14159
2.025 -6.00689e-17 3.14159
2.03 -6.00689e-17 3.14159
2.035 -6.00689e-17 3.14159
2.04 -6.00689e-17 3.14159
2.045 -6.00689e-17 3.14159
2.05 -6.00689e-17 3.14159
2.055 -6.00689e-17 3.14159
2.06 -6.00689e-17 3.14159
2.065 -6.00689e-17 3.14159
2.07 -6.00689e-17 3.14159
2.075 -6.00689e-17 3.14159
2.08 -6.00689e-17 3.14159
2.085 -6.00689e-17 3.14159
2.09 -6.00689e-17 3.14159
2.095 -6.00689e-17 3.14159
2.1 -6.00689e-17 3.14159
2.105 -6.00689e-17 3.14159
2.11 -6.00689e-17 3.14159
2.115 -6.00689e-17 3.14159
2.12 -6.00689e-17 3.14159
2.125 -6.00689e-17 3.14159
2.13 -6.00689e-17 3.14159
2.135 -6.00689e-17 3.14159
2.14 -6.00689e-17 3.14159
2.145 -6.00689e-17 3.14159
2.15 -6.00689e-17 3.14159
2.155 -6.00689e-17 3.14159
2.16 -6.00689e-17 3.14159
2.165 -6.00689e-17 3.14159
2.17 -6.00689e-17 3.14159
2.175 -6.00689e-17 3.14159
2.18 -6.00689e-17 3.14159
2.185 -6.00689e-17 3.14159
2.19 -6.00689e-17 3.14159
2.195 -6.00689e-17 3.14159
2.2 -6.00689e-17 3.14159
2.205 -6.00689e-17 3.14159
2.21 -6.00689e-17 3.14159
2.215 -6.00689e-17 3.14159
2.22 -6.00689e-17 3.14159
2.225 -6.00689e-17 3.14159
2.23 -6.00689e-17 3.14159
2.235 -6.00689e-17 3.14159
2.24 -6.00689e-17 3.14159
2.245 -6.00689e-17 3.14159
2.25 -6.00689e-17 3.14159
2.255 -6.00689e-17 3.14159
2.26 -6.00689e-17 3.14159
2.265 -6.00689e-17 3.14159
2.27 -6.00689e-17 3.14159
2.275 -6.00689e-17 3.14159
2.28 -6.00689e-17 3.14159
2.285 -6.00689e-17 3.14159
2.29 -6.00689e-17 3.14159
2.295 -6.00689e-17 3.14159
2.3 -6.00689e-17 3.14159
2.305 -6.00689e-17 3.14159
2.31 -6.00689e-17 3.14159
2.315 -6.00689e-17 3.14159
2.32 -6.00689e-17 3.14159
2.325 -6.00689e-17 3.14159
2.33 -6.00689e-17 3.14159
2.335 -6.00689e-17 3.14159
2.34 -6.00689e-17 3.14159
2.345 -6.00689e-17 3.14159
2.35 -6.00689e-17 3.14159
2.355 -6.00689e-17 3.14159
2.36 -6.00689e-17 3.14159
2.365 -6.00689e-17 3.14159
2.37 -6.00689e-17 3.14159
2.375 -6.00689e-17 3.14159
2.38 -6.00689e-17 3.14159
2.385 -6.00689e-17 3.14159
2.39 -6.00689e-17 3.14159
2.395 -6.00689e-17 3.14159
2.4 -6.00689e-17 3.14159
2.405 -6.00689e-17 3.14159
2.41 -6.00689e-17 3.14159
2.415 -6.00689e-17 3.14159
2.42 -6.00689e-17 3.14159
2.425 -6.00689e-17 3.14159
2.43 -6.00689e-17 3.14159
2.435 -6.00689e-17 3.14159
2.44 -6.00689e-17 3.14159
2.445 -6.00689e-17 3.14159
2.45 -6.00689e-17 3.14159
2.455 -6.00689e-17 3.14159
2.46 -6.00689e-17 3.14159
2.465 -6.00689e-17 3.14159
2.47 -6.00689e-17 3.14159
2.475 -6.00689e-17 3.14159
2.48 -6.00689e-17 3.14159
2.485 -6.00689e-17 3.14159
2.49 -6.00689e-17 3.14159
2.495 -6.00689e-17 3.14159
2.5 -6.00689e-17 3.14159
2.505 -6.00689e-17 3.14159
2.51 -6.00689e-17 3.14159
2.515 -6.00689e-17 3.14159
2.52 -6.00689e-17 3.14159
2.525 -6.00689e-17 3.14159
2.53 -6.00689e-17 3.14159
2.535 -6.00689e-17 3.14159
2.54 -6.00689e-17 3.14159
2.545 -6.00689e-17 3.14159
2.55 -6.00689e-17 3.14159
2.555 -6.00689e-17 3.14159
2.56 -6.00689e-17 3.14159
2.565 -6.00689e-17 3.14159
2.57 -6.00689e-17 3.14159
2.575 -6.00689e-17 3.14159
2.58 -6.00689e-17 3.14159
2.585 -6.00689e-17 3.14159
2.59 -6.00689e-17 3.14159
2.595 -6.00689e-17 3.14159
2.6 -6.00689e-17 3.14159
2.605 -6.00689e-17 3.14159
2.61 -6.00689e-17 3.14159
2.615 -6.00689e-17 3.14159
2.62 -6.00689e-17 3.14159
2.625 -6.00689e-17 3.14159
2.63 -6.00689e-17 3.14159
2.635 -6.00689e-17 3.14159
2.64 -6.00689e-17 3.14159
2.645 -6.00689e-17 3.14159
2.65 -6.00689e-17 3.14159
2.655 -6.00689e-17 3.14159
2.66 -6.00689e-17 3.14159
2.665 -6.00689e-17 3.14159
2.67 -6.00689e-17 3.14159
2.675 -6.00689e-17 3.14159
2.68 -6.00689e-17 3.14159
2.685 -6.00689e-17 3.14159
2.69 -6.00689e-17 3.14159
2.695 -6.00689e-17 3.14159
2.7 -6.00689e-17 3.14159
2.705 -6.00689e-17 3.14159
2.71 -6.00689e-17 3.14159
2.715 -6.00689e-17 3.14159
2.72 -6.00689e-17 3.14159
2.725 -6.00689e-17 3.14159
2.73 -6.00689e-17 3.14159
2.735 -6.00689e-17 3.14159
2.74 -6.00689e-17 3.14159
2.745 -6.00689e-17 3.14159
2.75 -6.00689e-17 3.14159
2.755 -6.00689e-17 3.14159
2.76 -6.00689e-17 3.14159
2.765 -6.00689e-17 3.14159
2.77 -6.00689e-17 3.14159
2.775 -6.00689e-17 3.14159
2.78 -6.00689e-17 3.14159
2.785 -6.00689e-17 3.14159
2.79 -6.00689e-17 3.14159
2.795 -6.00689e-17 3.14159
2.8 -6.00689e-17 3.14159
2.805 -6.00689e-17 3.14159
2.81 -6.00689e-17 3.14159
2.815 -6.00689e-17 3.14159
2.82 -6.00689e-17 3.14159
2.825 -6.00689e-17 3.14159
2.83 -6.00689e-17 3.14159
2.835 -6.00689e-17 3.14159
2.84 -6.00689e-17 3.14159
2.845 -6.00689e-17 3.14159
2.85 -6.00689e-17 3.14159
2.855 -6.00689e-17 3.14159
2.86 -6.00689e-17 3.14159
2.865 -6.00689e-17 3.14159
2.87 -6.00689e-17 3.14159
2.875 -6.00689e-17 3.14159
2.88 -6.00689e-17 3.14159
2.885 -6.00689e-17 3.14159
2.89 -6.00689e-17 3.14159
2.895 -6.00689e-17 3.14159
2.9 -6.00689e-17 3.14159
2.905 -6.00689e-17 3.14159
2.91 -6.00689e-17 3.14159
2.915 -6.00689e-17 3.14159
2.92 -6.00689e-17 3.14159
2.925 -6.00689e-17 3.14159
2.93 -6.00689e-17 3.14159
2.935 -6.00689e-17 3.14159
2.94 -6.00689e-17 3.14159
2.945 -6.00689e-17 3.14159
2.95 -6.00689e-17 3.14159
2.955 -6.00689e-17 3.14159
2.96 -6.00689e-17 3.14159
2.965 -6.00689e-17 3.14159
2.97 -6.00689e-17 3.14159
2.975 -6.00689e-17 3.14159
2.98 -6.00689e-17 3.14159
2.985 -6.00689e-17 3.14159
2.99 -6.00689e-17 3.14159
2.995 -6.00689e-17 3.14159
3 -6.00689e-17 3.14159
3.005 -6.00689e-17 3.14159
3.01 -6.00689e-17 3.14159
3.015 -6.00689e-17 3.14159
3.02 -6.00689e-17 3.14159
3.025 -6.00689e-17 3.14159
3.03 -6.00689e-17 3.14159
3.035 -6.00689e-17 3.14159
3.04 -6.00689e-17 3.14159
3.045 -6.00689e-17 3.14159
3.05 -6.00689e-17 3.14159
3.055 -6.00689e-17 3.14159
3.06 -6.00689e-17 3.14159
3.065 -6.00689e-17 3.14159
3.07 -6.00689e-17 3.14159
3.075 -6.00689e-17 3.14159
3.08 -6.00689e-17 3.14159
3.085 -6.00689e-17 3.14159
3.09 -6.00689e-17 3.14159
3.095 -6.00689e-17 3.14159
3.1 -6.00689e-17 3.14159
3.105 -6.00689e-17 3.14159
3.11 -6.00689e-17 3.14159
3.115 -6.00689e-17 3.14159
3.12 -6.00689e-17 3.14159
3.125 -6.00689e-17 3.14159
3.13 -6.00689e-17 3.14159
3.135 -6.00689e-17 3.14159
3.14 -6.00689e-17 3.14159
3.145 -6.00689e-17 3.14159
3.15 -6.00689e-17 3.14159
3.155 -6.00689e-17 3.14159
3.16 -6.00689e-17 3.14159
3.165 -6.00689e-17 3.14159
3.17 -6.00689e-17 3.14159
3.175 -6.00689e-17 3.14159
3.18 -6.00689e-17 3.14159
3.185 -6.00689e-17 3.14159
3.19 -6.00689e-17 3.14159
3.195 -6.00689e-17 3.14159
3.2 -6.00689e-17 3.14159
3.205 -6.00689e-17 3.14159
3.21 -6.00689e-17 3.14159
3.215 -6.00689e-17 3.14159
3.22 -6.00689e-17 3.14159
3.225 -6.00689e-17 3.14159
3.23 -6.00689e-17 3.14159
3.235 -6.00689e-17 3.14159
3.24 -6.00689e-17 3.14159
3.245 -6.00689e-17 3.14159
3.25 -6.00689e-17 3.14159
3.255 -6.00689e-17 3.14159
3.26 -6.00689e-17 3.14159
3.265 -6.00689e-17 3.14159
3.27 -6.00689e-17 3.14159
3.275 -6.00689e-17 3.14159
3.28 -6.00689e-17 3.14159
3.285 -6.00689e-17 3.14159
3.29 -6.00689e-17 3.14159
3.295 -6.00689e-17 3.14159
3.3 -6.00689e-17 3.14159
3.305 -6.00689e-17 3.14159
3.31 -6.00689e-17 3.14159
3.315 -6.00689e-17 3.14159
3.32 -6.00689e-17 3.14159
3.325 -6.00689e-17 3.14159
3.33 -6.00689e-17 3.14159
3.335 -6.00689e-17 3.14159
3.34 -6.00689e-17 3.14159
3.345 -6.00689e-17 3.14159
3.35 -6.00689e-17 3.14159
3.355 -6.00689e-17 3.14159
3.36 -6.00689e-17 3.14159
3.365 -6.00689e-17 3.14159
3.37 -6.00689e-17 3.14159
3.375 -6.00689e-17 3.14159
3.38 -6.00689e-17 3.14159
3.385 -6.00689e-17 3.14159
3.39 -6.00689e-17 3.14159
3.395 -6.00689e-17 3.14159
3.4 -6.00689e-17 3.14159
3.405 -6.00689e-17 3.14159
3.41 -6.00689e-17 3.14159
3.415 -6.00689e-17 3.14159
3.42 -6.00689e-17 3.14159
3.425 -6.00689e-17 3.14159
3.43 -6.00689e-17 3.14159
3.435 -6.00689e-17 3.14159
3.44 -6.00689e-17 3.14159
3.445 -6.00689e-17 3.14159
3.45 -6.00689e-17 3.14159
3.455 -6.00689e-17 3.14159
3.46 -6.00689e-17 3.14159
3.465 -6.00689e-17 3.14159
3.47 -6.00689e-17 3.14159
3.475 -6.00689e-17 3.14159
3.48 -6.00689e-17 3.14159
3.485 -6.00689e-17 3.14159
3.49 -6.00689e-17 3.14159
3.495 -6.00689e-17 3.14159
3.5 -6.00689e-17 3.14159
3.505 -6.00689e-17 3.14159
3.51 -6.00689e-17 3.14159
3.515 -6.00689e-17 3.14159
3.52 -6.00689e-17 3.14159
3.525 -6.00689e-17 3.14159
3.53 -6.00689e-17 3.14159
3.535 -6.00689e-17 3.14159
3.54 -6.00689e-17 3.14159
3.545 -6.00689e-17 3.14159
3.55 -6.00689e-17 3.14159
3.555 -6.00689e-17 3.14159
3.56 -6.00689e-17 3.14159
3.565 -6.00689e-17 3.14159
3.57 -6.00689e-17 3.14159
3.575 -6.00689e-17 3.14159
3.58 -6.00689e-17 3.14159
3.585 -6.00689e-17 3.14159
3.59 -6.00689e-17 3.14159
3.595 -6.00689e-17 3.14159
3.6 -6.00689e-17 3.14159
3.605 -6.00689e-17 3.14159
3.61 -6.00689e-17 3.14159
3.615 -6.00689e-17 3.14159
3.62 -6.00689e-17 3.14159
3.625 -6.00689e-17 3.14159
3.63 -6.00689e-17 3.14159
3.635 -6.00689e-17 3.14159
3.64 -6.00689e-17 3.14159
3.645 -6.00689e-17 3.14159
3.65 -6.00689e-17 3.14159
3.655 -6.00689e-17 3.14159
3.66 -6.00689e-17 3.14159
3.665 -6.00689e-17 3.14159
3.67 -6.00689e-17 3.14159
3.675 -6.00689e-17 3.14159
3.68 -6.00689e-17 3.14159
3.685 -6.00689e-17 3.14159
3.69 -6.00689e-17 3.14159
3.695 -6.00689e-17 3.14159
3.7 -6.00689e-17 3.14159
3.705 -6.00689e-17 3.14159
3.71 -6.00689e-17 3.14159
3.715 -6.00689e-17 3.14159
3.72 -6.00689e-17 3.14159
3.725 -6.00689e-17 3.14159
3.73 -6.00689e-17 3.14159
3.735 -6.00689e-17 3.14159
3.74 -6.00689e-17 3.14159
3.745 -6.00689e-17 3.14159
3.75 -6.00689e-17 3.14159
3.755 -6.00689e-17 3.14159
3.76 -6.00689e-17 3.14159
3.765 -6.00689e-17 3.14159
3.77 -6.00689e-17 3.14159
3.775 -6.00689e-17 3.14159
3.78 -6.00689e-17 3.14159
3.785 -6.00689e-17 3.14159
3.79 -6.00689e-17 3.14159
3.795 -6.00689e-17 3.14159
3.8 -6.00689e-17 3.14159
3.805 -6.00689e-17 3.14159
3.81 -6.00689e-17 3.14159
3.815 -6.00689e-17 3.14159
3.82 -6.00689e-17 3.14159
3.825 -6.00689e-17 3.14159
3.83 -6.00689e-17 3.14159
3.835 -6.00689e-17 3.14159
3.84 -6.00689e-17 3.14159
3.845 -6.00689e-17 3.14159
3.85 -6.00689e-17 3.14159
3.855 -6.00689e-17 3.14159
3.86 -6.00689e-17 3.14159
3.865 -6.00689e-17 3.14159
3.87 -6.00689e-17 3.14159
3.875 -6.00689e-17 3.14159
3.88 -6.00689e-17 3.14159
3.885 -6.00689e-17 3.14159
3.89 -6.00689e-17 3.14159
3.895 -6.00689e-17 3.14159
3.9 -6.00689e-17 3.14159
3.905 -6.00689e-17 3.14159
3.91 -6.00689e-17 3.14159
3.915 -6.00689e-17 3.14159
3.92 -6.00689e-17 3.14159
3.925 -6.00689e-17 3.14159
3.93 -6.00689e-17 3.14159
3.935 -6.00689e-17 3.14159
3.94 -6.00689e-17 3.14159
3.945 -6.00689e-17 3.14159
3.95 -6.00689e-17 3.14159
3.955 -6.00689e-17 3.14159
3.96 -6.00689e-17 3.14159
3.965 -6.00689e-17 3.14159
3.97 -6.00689e-17 3.14159
3.975 -6.00689e-17 3.14159
3.98 -6.00689e-17 3.14159
3.985 -6.00689e-17 3.14159
3.99 -6.00689e-17 3.14159
3.995 -6.00689e-17 3.14159
4 -6.00689e-17 3.14159
4.005 -6.00689e-17 3.14159
4.01 -6.00689e-17 3.14159
4.015 -6.00689e-17 3.14159
4.02 -6.00689e-17 3.14159
4.025 -6.00689e-17 3.14159
4.03 -6.00689e-17 3.14159
4.035 -6.00689e-17 3.14159
4.04 -6.00689e-17 3.14159
4.045 -6.00689e-17 3.14159
4.05 -6.00689e-17 3.14159
4.055 -6.00689e-17 3.14159
4.06 -6.00689e-17 3.14159
4.065 -6.00689e-17 3.14159
4.07 -6.00689e-17 3.14159
4.075 -6.00689e-17 3.14159
4.08 -6.00689e-17 3.14159
4.085 -6.00689e-17 3.14159
4.09 -6.00689e-17 3.14159
4.095 -6.00689e-17 3.14159
4.1 -6.00689e-17 3.14159
4.105 -6.00689e-17 3.14159
4.11 -6.00689e-17 3.14159
4.115 -6.00689e-17 3.14159
4.12 -6.00689e-17 3.14159
4.125 -6.00689e-17 3.14159
4.13 -6.00689e-17 3.14159
4.135 -6.00689e-17 3.14159
4.14 -6.00689e-17 3.14159
4.145 -6.00689e-17 3.14159
4.15 -6.00689e-17 3.14159
4.155 -6.00689e-17 3.14159
4.16 -6.00689e-17 3.14159
4.165 -6.00689e-17 3.14159
4.17 -6.00689e-17 3.14159
4.175 -6.00689e-17 3.14159
4.18 -6.00689e-17 3.14159
4.185 -6.00689e-17 3.14159
4.19 -6.00689e-17 3.14159
4.195 -6.00689e-17 3.14159
4.2 -6.00689e-17 3.14159
4.205 -6.00689e-17 3.14159
4.21 -6.00689e-17 3.14159
4.215 -6.00689e-17 3.14159
4.22 -6.00689e-17 3.14159
4.225 -6.00689e-17 3.14159
4.23 -6.00689e-17 3.14159
4.235 -6.00689e-17 3.14159
4.24 -6.00689e-17 3.14159
4.245 -6.00689e-17 3.14159
4.25 -6.00689e-17 3.14159
4.255 -6.00689e-17 3.14159
4.26 -6.00689e-17 3.14159
4.265 -6.00689e-17 3.14159
4.27 -6.00689e-17 3.14159
4.275 -6.00689e-17 3.14159
4.28 -6.00689e-17 3.14159
4.285 -6.00689e-17 3.14159
4.29 -6.00689e-17 3.14159
4.295 -6.00689e-17 3.14159
4.3 -6.00689e-17 3.14159
4.305 -6.00689e-17 3.14159
4.31 -6.00689e-17 3.14159
4.315 -6.00689e-17 3.14159
4.32 -6.00689e-17 3.14159
4.325 -6.00689e-17 3.14159
4.33 -6.00689e-17 3.14159
4.335 -6.00689e-17 3.14159
4.34 -6.00689e-17 3.14159
4.345 -6.00689e-17 3.14159
4.35 -6.00689e-17 3.14159
4.355 -6.00689e-17 3.14159
4.36 -6.00689e-17 3.14159
4.365 -6.00689e-17 3.14159
4.37 -6.00689e-17 3.14159
4.375 -6.00689e-17 3.14159
4.38 -6.00689e-17 3.14159
4.385 -6.00689e-17 3.14159
4.39 -6.00689e-17 3.14159
4.395 -6.00689e-17 3.14159
4.4 -6.00689e-17 3.14159
4.405 -6.00689e-17 3.14159
4.41 -6.00689e-17 3.14159
4.415 -6.00689e-17 3.14159
4.42 -6.00689e-17 3.14159
4.425 -6.00689e-17 3.14159
4.43 -6.00689e-17 3.14159
4.435 -6.00689e-17 3.14159
4.44 -6.00689e-17 3.14159
4.445 -6.00689e-17 3.14159
4.45 -6.00689e-17 3.14159
4.455 -6.00689e-17 3.14159
4.46 -6.00689e-17 3.14159
4.465 -6.00689e-17 3.14159
4.47 -6.00689e-17 3.14159
4.475 -6.00689e-17 3.14159
4.48 -6.00689e-17 3.14159
4.485 -6.00689e-17 3.14159
4.49 -6.00689e-17 3.14159
4.495 -6.00689e-17 3.14159
4.5 -6.00689e-17 3.14159
4.505 -6.00689e-17 3.14159
4.51 -6.00689e-17 3.14159
4.515 -6.00689e-17 3.14159
4.52 -6.00689e-17 3.14159
4.525 -6.00689e-17 3.14159
4.53 -6.00689e-17 3.14159
4.535 -6.00689e-17 3.14159
4.54 -6.00689e-17 3.14159
4.545 -6.00689e-17 3.14159
4.55 -6.00689e-17 3.14159
4.555 -6.00689e-17 3.14159
4.56 -6.00689e-17 3.14159
4.565 -6.00689e-17 3.14159
4.57 -6.00689e-17 3.14159
4.575 -6.00689e-17 3.14159
4.58 -6.00689e-17 3.14159
4.585 -6.00689e-17 3.14159
4.59 -6.00689e-17 3.14159
4.595 -6.00689e-17 3.14159
4.6 -6.00689e-17 3.14159
4.605 -6.00689e-17 3.14159
4.61 -6.00689e-17 3.14159
4.615 -6.00689e-17 3.14159
4.62 -6.00689e-17 3.14159
4.625 -6.00689e-17 3.14159
4.63 -6.00689e-17 3.14159
4.635 -6.00689e-17 3.14159
4.64 -6.00689e-17 3.14159
4.645 -6.00689e-17 3.14159
4.65 -6.00689e-17 3.14159
4.655 -6.00689e-17 3.14159
4.66 -6.00689e-17 3.14159
4.665 -6.00689e-17 3.14159
4.67 -6.00689e-17 3.14159
4.675 -6.00689e-17 3.14159
4.68 -6.00689e-17 3.14159
4.685 -6.00689e-17 3.14159
4.69 -6.00689e-17 3.14159
4.695 -6.00689e-17 3.14159
4.7 -6.00689e-17 3.14159
4.705 -6.00689e-17 3.14159
4.71 -6.00689e-17 3.14159
4.715 -6.00689e-17 3.14159
4.72 -6.00689e-17 3.14159
4.725 -6.00689e-17 3.14159
4.73 -6.00689e-17 3.14159
4.735 -6.00689e-17 3.14159
4.74 -6.00689e-17 3.14159
4.745 -6.00689e-17 3.14159
4.75 -6.00689e-17 3.14159
4.755 -6.00689e-17 3.14159
4.76 -6.00689e-17 3.14159
4.765 -6.00689e-17 3.14159
4.77 -6.00689e-17 3.14159
4.775 -6.00689e-17 3.14159
4.78 -6.00689e-17 3.14159
4.785 -6.00689e-17 3.14159
4.79 -6.00689e-17 3.14159
4.795 -6.00689e-17 3.14159
4.8 -6.00689e-17 3.14159
4.805 -6.00689e-17 3.14159
4.81 -6.00689e-17 3.14159
4.815 -6.00689e-17 3.14159
4.82 -6.00689e-17 3.14159
4.825 -6.00689e-17 3.14159
4.83 -6.00689e-17 3.14159
4.835 -6.00689e-17 3.14159
4.84 -6.00689e-17 3.14159
4.845 -6.00689e-17 3.14159
4.85 -6.00689e-17 3.14159
4.855 -6.00689e-17 3.14159
4.86 -6.00689e-17 3.14159
4.865 -6.00689e-17 3.14159
4.87 -6.00689e-17 3.14159
4.875 -6.00689e-17 3.14159
4.88 -6.00689e-17 3.14159
4.885 -6.00689e-17 3.14159
4.89 -6.00689e-17 3.14159
4.895 -6.00689e-17 3.14159
4.9 -6.00689e-17 3.14159
4.905 -6.00689e-17 3.14159
4.91 -6.00689e-17 3.14159
4.915 -6.00689e-17 3.14159
4.92 -6.00689e-17 3.14159
4.925 -6.00689e-17 3.14159
4.93 -6.00689e-17 3.14159
4.935 -6.00689e-17 3.14159
4.94 -6.00689e-17 3.14159
4.945 -6.00689e-17 3.14159
4.95 -6.00689e-17 3.14159
4.955 -6.00689e-17 3.14159
4.96 -6.00689e-17 3.14159
4.965 -6.00689e-17 3.14159
4.97 -6.00689e-17 3.14159
4.975 -6.00689e-17 3.14159
4.98 -6.00689e-17 3.14159
4.985 -6.00689e-17 3.14159
4.99 -6.00689e-17 3.14159
4.995 -6.00689e-17 3.14159
5 -6.00689e-17 3.14159
