0 1 -1
0.005 1.00499 -0.994988
0.01 1.00995 -0.98995
0.015 1.01489 -0.984888
0.02 1.0198 -0.979801
0.025 1.02468 -0.97469
0.03 1.02955 -0.969555
0.035 1.03438 -0.964395
0.04 1.03919 -0.959211
0.045 1.04397 -0.954003
0.05 1.04873 -0.948771
0.055 1.05346 -0.943516
0.06 1.05816 -0.938237
0.065 1.06284 -0.932934
0.07 1.06749 -0.927608
0.075 1.07212 -0.922259
0.08 1.07672 -0.916887
0.085 1.08129 -0.911492
0.09 1.08583 -0.906074
0.095 1.09035 -0.900634
0.1 1.09484 -0.895171
0.105 1.0993 -0.889685
0.11 1.10373 -0.884178
0.115 1.10814 -0.878648
0.12 1.11252 -0.873096
0.125 1.11687 -0.867523
0.13 1.1212 -0.861928
0.135 1.12549 -0.856311
0.14 1.12976 -0.850673
0.145 1.134 -0.845013
0.15 1.13821 -0.839333
0.155 1.14239 -0.833631
0.16 1.14655 -0.827909
0.165 1.15067 -0.822166
0.17 1.15477 -0.816402
0.175 1.15883 -0.810618
0.18 1.16287 -0.804814
0.185 1.16688 -0.79899
0.19 1.17086 -0.793145
0.195 1.17481 -0.787281
0.2 1.17874 -0.781397
0.205 1.18263 -0.775494
0.21 1.18649 -0.769571
0.215 1.19032 -0.763629
0.22 1.19413 -0.757668
0.225 1.1979 -0.751688
0.23 1.20164 -0.745689
0.235 1.20536 -0.739671
0.24 1.20904 -0.733635
0.245 1.21269 -0.727581
0.25 1.21632 -0.721508
0.255 1.21991 -0.715418
0.26 1.22347 -0.709309
0.265 1.227 -0.703183
0.27 1.2305 -0.697039
0.275 1.23397 -0.690878
0.28 1.23741 -0.6847
0.285 1.24082 -0.678504
0.29 1.2442 -0.672292
0.295 1.24754 -0.666062
0.3 1.25086 -0.659816
0.305 1.25414 -0.653554
0.31 1.25739 -0.647275
0.315 1.26061 -0.64098
0.32 1.2638 -0.634669
0.325 1.26696 -0.628342
0.33 1.27009 -0.621999
0.335 1.27318 -0.615641
0.34 1.27624 -0.609268
0.345 1.27927 -0.602879
0.35 1.28227 -0.596475
0.355 1.28524 -0.590056
0.36 1.28817 -0.583623
0.365 1.29107 -0.577174
0.37 1.29394 -0.570712
0.375 1.29678 -0.564235
0.38 1.29959 -0.557744
0.385 1.30236 -0.551239
0.39 1.3051 -0.544721
0.395 1.3078 -0.538188
0.4 1.31048 -0.531643
0.405 1.31312 -0.525084
0.41 1.31573 -0.518511
0.415 1.31831 -0.511926
0.42 1.32085 -0.505328
0.425 1.32336 -0.498718
0.43 1.32584 -0.492095
0.435 1.32828 -0.48546
0.44 1.33069 -0.478812
0.445 1.33307 -0.472153
0.45 1.33541 -0.465482
0.455 1.33772 -0.458799
0.46 1.34 -0.452104
0.465 1.34224 -0.445399
0.47 1.34445 -0.438682
0.475 1.34663 -0.431954
0.48 1.34877 -0.425216
0.485 1.35088 -0.418467
0.49 1.35296 -0.411707
0.495 1.355 -0.404937
0.5 1.35701 -0.398157
0.505 1.35898 -0.391367
0.51 1.36092 -0.384567
0.515 1.36283 -0.377758
0.52 1.3647 -0.370939
0.525 1.36654 -0.364111
0.53 1.36834 -0.357274
0.535 1.37011 -0.350428
0.54 1.37184 -0.343573
0.545 1.37355 -0.336709
0.55 1.37521 -0.329837
0.555 1.37684 -0.322957
0.56 1.37844 -0.316069
0.565 1.38 -0.309173
0.57 1.38153 -0.302269
0.575 1.38303 -0.295358
0.58 1.38449 -0.288439
0.585 1.38591 -0.281513
0.59 1.3873 -0.27458
0.595 1.38866 -0.26764
0.6 1.38998 -0.260693
0.605 1.39126 -0.25374
0.61 1.39252 -0.246781
0.615 1.39373 -0.239815
0.62 1.39491 -0.232843
0.625 1.39606 -0.225866
0.63 1.39717 -0.218883
0.635 1.39825 -0.211894
0.64 1.39929 -0.2049
0.645 1.4003 -0.197901
0.65 1.40127 -0.190897
0.655 1.40221 -0.183889
0.66 1.40311 -0.176875
0.665 1.40398 -0.169858
0.67 1.40481 -0.162836
0.675 1.4056 -0.15581
0.68 1.40637 -0.14878
0.685 1.40709 -0.141746
0.69 1.40778 -0.134709
0.695 1.40844 -0.127668
0.7 1.40906 -0.120625
0.705 1.40965 -0.113578
0.71 1.4102 -0.106528
0.715 1.41071 -0.0994758
0.72 1.41119 -0.0924211
0.725 1.41163 -0.085364
0.73 1.41204 -0.0783048
0.735 1.41242 -0.0712436
0.74 1.41276 -0.0641806
0.745 1.41306 -0.0571161
0.75 1.41333 -0.0500501
0.755 1.41356 -0.0429829
0.76 1.41376 -0.0359146
0.765 1.41392 -0.0288454
0.77 1.41405 -0.0217754
0.775 1.41414 -0.014705
0.78 1.41419 -0.00763412
0.785 1.41421 -0.000563088
0.79 1.4142 0.00650796
0.795 1.41415 0.0135788
0.8 1.41406 0.0206494
0.805 1.41394 0.0277194
0.81 1.41379 0.0347887
0.815 1.41359 0.0418572
0.82 1.41337 0.0489246
0.825 1.4131 0.0559908
0.83 1.41281 0.0630556
0.835 1.41247 0.0701188
0.84 1.41211 0.0771803
0.845 1.4117 0.0842398
0.85 1.41126 0.0912973
0.855 1.41079 0.0983524
0.86 1.41028 0.105405
0.865 1.40974 0.112455
0.87 1.40916 0.119502
0.875 1.40854 0.126547
0.88 1.40789 0.133588
0.885 1.4072 0.140625
0.89 1.40648 0.14766
0.895 1.40573 0.15469
0.9 1.40494 0.161717
0.905 1.40411 0.16874
0.91 1.40325 0.175758
0.915 1.40235 0.182772
0.92 1.40142 0.189781
0.925 1.40046 0.196786
0.93 1.39945 0.203786
0.935 1.39842 0.210781
0.94 1.39735 0.21777
0.945 1.39624 0.224754
0.95 1.3951 0.231732
0.955 1.39392 0.238705
0.96 1.39271 0.245672
0.965 1.39147 0.252632
0.97 1.39019 0.259586
0.975 1.38887 0.266534
0.98 1.38752 0.273475
0.985 1.38614 0.280409
0.99 1.38472 0.287336
0.995 1.38326 0.294256
1 1.38177 0.301169
1.005 1.38025 0.308074
1.01 1.37869 0.314971
1.015 1.3771 0.321861
1.02 1.37547 0.328742
1.025 1.37381 0.335615
1.03 1.37212 0.34248
1.035 1.37039 0.349336
1.04 1.36862 0.356184
1.045 1.36683 0.363023
1.05 1.36499 0.369852
1.055 1.36313 0.376672
1.06 1.36123 0.383483
1.065 1.35929 0.390285
1.07 1.35732 0.397076
1.075 1.35532 0.403858
1.08 1.35329 0.410629
1.085 1.35122 0.417391
1.09 1.34911 0.424142
1.095 1.34697 0.430882
1.1 1.3448 0.437611
1.105 1.3426 0.44433
1.11 1.34036 0.451037
1.115 1.33809 0.457733
1.12 1.33578 0.464418
1.125 1.33344 0.471091
1.13 1.33107 0.477752
1.135 1.32867 0.484402
1.14 1.32623 0.491039
1.145 1.32376 0.497664
1.15 1.32125 0.504276
1.155 1.31871 0.510876
1.16 1.31614 0.517464
1.165 1.31354 0.524038
1.17 1.3109 0.530599
1.175 1.30823 0.537147
1.18 1.30553 0.543681
1.185 1.3028 0.550202
1.19 1.30003 0.556709
1.195 1.29723 0.563202
1.2 1.2944 0.569681
1.205 1.29153 0.576146
1.21 1.28864 0.582597
1.215 1.28571 0.589032
1.22 1.28275 0.595454
1.225 1.27975 0.60186
1.23 1.27673 0.608251
1.235 1.27367 0.614627
1.24 1.27058 0.620988
1.245 1.26746 0.627333
1.25 1.26431 0.633662
1.255 1.26112 0.639976
1.26 1.25791 0.646273
1.265 1.25466 0.652555
1.27 1.25138 0.65882
1.275 1.24807 0.665069
1.28 1.24473 0.671301
1.285 1.24136 0.677516
1.29 1.23796 0.683714
1.295 1.23452 0.689895
1.3 1.23106 0.696059
1.305 1.22756 0.702206
1.31 1.22403 0.708335
1.315 1.22048 0.714446
1.32 1.21689 0.72054
1.325 1.21327 0.726615
1.33 1.20962 0.732672
1.335 1.20595 0.738711
1.34 1.20224 0.744732
1.345 1.1985 0.750734
1.35 1.19473 0.756717
1.355 1.19093 0.762681
1.36 1.1871 0.768626
1.365 1.18325 0.774552
1.37 1.17936 0.780458
1.375 1.17544 0.786345
1.38 1.17149 0.792213
1.385 1.16752 0.79806
1.39 1.16351 0.803888
1.395 1.15948 0.809695
1.4 1.15542 0.815483
1.405 1.15133 0.821249
1.41 1.1472 0.826996
1.415 1.14306 0.832721
1.42 1.13888 0.838426
1.425 1.13467 0.84411
1.43 1.13044 0.849773
1.435 1.12617 0.855414
1.44 1.12188 0.861035
1.445 1.11756 0.866633
1.45 1.11322 0.87221
1.455 1.10884 0.877765
1.46 1.10444 0.883299
1.465 1.10001 0.88881
1.47 1.09555 0.894299
1.475 1.09106 0.899765
1.48 1.08655 0.905209
1.485 1.08201 0.910631
1.49 1.07745 0.916029
1.495 1.07285 0.921405
1.5 1.06823 0.926758
1.505 1.06359 0.932087
1.51 1.05891 0.937394
1.515 1.05421 0.942676
1.52 1.04948 0.947936
1.525 1.04473 0.953171
1.53 1.03995 0.958383
1.535 1.03515 0.963571
1.54 1.03032 0.968734
1.545 1.02546 0.973874
1.55 1.02058 0.978989
1.555 1.01567 0.98408
1.56 1.01074 0.989146
1.565 1.00578 0.994187
1.57 1.0008 0.999203
1.575 0.995788 1.00419
1.58 0.990754 1.00916
1.585 0.985696 1.0141
1.59 0.980613 1.01902
1.595 0.975506 1.02391
1.6 0.970374 1.02877
1.605 0.965218 1.03361
1.61 0.960038 1.03843
1.615 0.954834 1.04321
1.62 0.949606 1.04797
1.625 0.944354 1.05271
1.63 0.939079 1.05742
1.635 0.93378 1.0621
1.64 0.928458 1.06675
1.645 0.923113 1.07138
1.65 0.917744 1.07599
1.655 0.912353 1.08056
1.66 0.906939 1.08511
1.665 0.901502 1.08963
1.67 0.896042 1.09412
1.675 0.890561 1.09859
1.68 0.885056 1.10303
1.685 0.87953 1.10744
1.69 0.873982 1.11183
1.695 0.868412 1.11618
1.7 0.86282 1.12051
1.705 0.857207 1.12481
1.71 0.851572 1.12908
1.715 0.845916 1.13333
1.72 0.840239 1.13754
1.725 0.834541 1.14173
1.73 0.828822 1.14589
1.735 0.823082 1.15002
1.74 0.817322 1.15412
1.745 0.811541 1.15819
1.75 0.80574 1.16223
1.755 0.799919 1.16625
1.76 0.794077 1.17023
1.765 0.788216 1.17419
1.77 0.782336 1.17811
1.775 0.776435 1.18201
1.78 0.770516 1.18588
1.785 0.764577 1.18972
1.79 0.758619 1.19352
1.795 0.752641 1.1973
1.8 0.746646 1.20105
1.805 0.740631 1.20477
1.81 0.734598 1.20846
1.815 0.728546 1.21211
1.82 0.722477 1.21574
1.825 0.716389 1.21934
1.83 0.710283 1.22291
1.835 0.70416 1.22644
1.84 0.698019 1.22995
1.845 0.691861 1.23342
1.85 0.685685 1.23687
1.855 0.679492 1.24028
1.86 0.673282 1.24366
1.865 0.667056 1.24701
1.87 0.660812 1.25033
1.875 0.654552 1.25362
1.88 0.648276 1.25688
1.885 0.641984 1.2601
1.89 0.635675 1.2633
1.895 0.629351 1.26646
1.9 0.623011 1.26959
1.905 0.616655 1.27269
1.91 0.610284 1.27576
1.915 0.603897 1.27879
1.92 0.597496 1.2818
1.925 0.591079 1.28477
1.93 0.584648 1.28771
1.935 0.578202 1.29061
1.94 0.571742 1.29349
1.945 0.565268 1.29633
1.95 0.558779 1.29914
1.955 0.552276 1.30192
1.96 0.54576 1.30466
1.965 0.53923 1.30738
1.97 0.532686 1.31006
1.975 0.526129 1.3127
1.98 0.519559 1.31532
1.985 0.512976 1.3179
1.99 0.50638 1.32045
1.995 0.499772 1.32296
2 0.493151 1.32544
2.005 0.486517 1.32789
2.01 0.479872 1.33031
2.015 0.473214 1.33269
2.02 0.466545 1.33504
2.025 0.459864 1.33736
2.03 0.453171 1.33964
2.035 0.446467 1.34189
2.04 0.439752 1.3441
2.045 0.433026 1.34629
2.05 0.42629 1.34844
2.055 0.419542 1.35055
2.06 0.412784 1.35263
2.065 0.406016 1.35468
2.07 0.399238 1.35669
2.075 0.392449 1.35867
2.08 0.385651 1.36062
2.085 0.378843 1.36253
2.09 0.372026 1.3644
2.095 0.365199 1.36625
2.1 0.358363 1.36806
2.105 0.351519 1.36983
2.11 0.344665 1.37157
2.115 0.337803 1.37328
2.12 0.330932 1.37495
2.125 0.324053 1.37659
2.13 0.317167 1.37819
2.135 0.310272 1.37976
2.14 0.303369 1.38129
2.145 0.296459 1.38279
2.15 0.289541 1.38426
2.155 0.282616 1.38569
2.16 0.275684 1.38708
2.165 0.268745 1.38844
2.17 0.2618 1.38977
2.175 0.254848 1.39106
2.18 0.247889 1.39232
2.185 0.240925 1.39354
2.19 0.233954 1.39473
2.195 0.226977 1.39588
2.2 0.219995 1.397
2.205 0.213008 1.39808
2.21 0.206015 1.39913
2.215 0.199016 1.40014
2.22 0.192013 1.40112
2.225 0.185005 1.40206
2.23 0.177993 1.40297
2.235 0.170976 1.40384
2.24 0.163954 1.40468
2.245 0.156929 1.40548
2.25 0.1499 1.40625
2.255 0.142866 1.40698
2.26 0.13583 1.40768
2.265 0.12879 1.40834
2.27 0.121747 1.40896
2.275 0.1147 1.40955
2.28 0.107651 1.41011
2.285 0.100599 1.41063
2.29 0.0935448 1.41112
2.295 0.0864881 1.41157
2.3 0.0794292 1.41198
2.305 0.0723683 1.41236
2.31 0.0653056 1.4127
2.315 0.0582413 1.41301
2.32 0.0511756 1.41329
2.325 0.0441085 1.41353
2.33 0.0370404 1.41373
2.335 0.0299713 1.4139
2.34 0.0229015 1.41403
2.345 0.0158311 1.41412
2.35 0.00876028 1.41419
2.355 0.00168926 1.41421
2.36 -0.00538179 1.4142
2.365 -0.0124527 1.41416
2.37 -0.0195233 1.41408
2.375 -0.0265934 1.41396
2.38 -0.0336629 1.41381
2.385 -0.0407315 1.41363
2.39 -0.0477991 1.41341
2.395 -0.0548655 1.41315
2.4 -0.0619305 1.41286
2.405 -0.068994 1.41253
2.41 -0.0760558 1.41217
2.415 -0.0831156 1.41177
2.42 -0.0901734 1.41134
2.425 -0.0972289 1.41087
2.43 -0.104282 1.41036
2.435 -0.111333 1.40982
2.44 -0.11838 1.40925
2.445 -0.125425 1.40864
2.45 -0.132467 1.408
2.455 -0.139505 1.40732
2.46 -0.14654 1.4066
2.465 -0.153571 1.40585
2.47 -0.160598 1.40507
2.475 -0.167621 1.40424
2.48 -0.17464 1.40339
2.485 -0.181655 1.4025
2.49 -0.188665 1.40157
2.495 -0.195671 1.40061
2.5 -0.202671 1.39962
2.505 -0.209667 1.39858
2.51 -0.216657 1.39752
2.515 -0.223642 1.39642
2.52 -0.230621 1.39528
2.525 -0.237595 1.39411
2.53 -0.244562 1.39291
2.535 -0.251524 1.39167
2.54 -0.258479 1.39039
2.545 -0.265428 1.38908
2.55 -0.27237 1.38774
2.555 -0.279305 1.38636
2.56 -0.286233 1.38494
2.565 -0.293154 1.3835
2.57 -0.300068 1.38201
2.575 -0.306975 1.3805
2.58 -0.313873 1.37894
2.585 -0.320764 1.37736
2.59 -0.327647 1.37574
2.595 -0.334521 1.37408
2.6 -0.341387 1.37239
2.605 -0.348245 1.37067
2.61 -0.355094 1.36891
2.615 -0.361934 1.36712
2.62 -0.368765 1.36529
2.625 -0.375587 1.36343
2.63 -0.382399 1.36153
2.635 -0.389202 1.3596
2.64 -0.395995 1.35764
2.645 -0.402778 1.35564
2.65 -0.409552 1.35361
2.655 -0.416315 1.35155
2.66 -0.423067 1.34945
2.665 -0.429809 1.34732
2.67 -0.43654 1.34515
2.675 -0.44326 1.34295
2.68 -0.44997 1.34072
2.685 -0.456668 1.33845
2.69 -0.463354 1.33615
2.695 -0.470029 1.33382
2.7 -0.476692 1.33145
2.705 -0.483344 1.32905
2.71 -0.489983 1.32662
2.715 -0.49661 1.32415
2.72 -0.503224 1.32165
2.725 -0.509826 1.31912
2.73 -0.516415 1.31655
2.735 -0.522992 1.31396
2.74 -0.529555 1.31132
2.745 -0.536105 1.30866
2.75 -0.542641 1.30596
2.755 -0.549164 1.30323
2.76 -0.555674 1.30047
2.765 -0.562169 1.29768
2.77 -0.56865 1.29485
2.775 -0.575118 1.29199
2.78 -0.58157 1.2891
2.785 -0.588008 1.28617
2.79 -0.594432 1.28322
2.795 -0.600841 1.28023
2.8 -0.607234 1.27721
2.805 -0.613613 1.27416
2.81 -0.619976 1.27107
2.815 -0.626323 1.26796
2.82 -0.632655 1.26481
2.825 -0.638971 1.26163
2.83 -0.645272 1.25842
2.835 -0.651556 1.25518
2.84 -0.657823 1.25191
2.845 -0.664075 1.2486
2.85 -0.670309 1.24527
2.855 -0.676527 1.2419
2.86 -0.682728 1.2385
2.865 -0.688912 1.23507
2.87 -0.695079 1.23161
2.875 -0.701228 1.22812
2.88 -0.70736 1.2246
2.885 -0.713474 1.22105
2.89 -0.71957 1.21746
2.895 -0.725649 1.21385
2.9 -0.731709 1.21021
2.905 -0.737751 1.20653
2.91 -0.743774 1.20283
2.915 -0.749779 1.1991
2.92 -0.755765 1.19533
2.925 -0.761732 1.19154
2.93 -0.76768 1.18771
2.935 -0.773609 1.18386
2.94 -0.779519 1.17998
2.945 -0.785409 1.17607
2.95 -0.79128 1.17212
2.955 -0.79713 1.16815
2.96 -0.802961 1.16415
2.965 -0.808772 1.16012
2.97 -0.814562 1.15607
2.975 -0.820332 1.15198
2.98 -0.826082 1.14786
2.985 -0.831811 1.14372
2.99 -0.837519 1.13954
2.995 -0.843206 1.13534
3 -0.848872 1.13111
3.005 -0.854517 1.12685
3.01 -0.860141 1.12257
3.015 -0.865743 1.11825
3.02 -0.871323 1.11391
3.025 -0.876882 1.10954
3.03 -0.882419 1.10514
3.035 -0.887933 1.10072
3.04 -0.893426 1.09626
3.045 -0.898896 1.09178
3.05 -0.904344 1.08727
3.055 -0.909769 1.08274
3.06 -0.915171 1.07818
3.065 -0.92055 1.07359
3.07 -0.925907 1.06897
3.075 -0.93124 1.06433
3.08 -0.93655 1.05966
3.085 -0.941837 1.05496
3.09 -0.9471 1.05024
3.095 -0.952339 1.04549
3.1 -0.957554 1.04072
3.105 -0.962746 1.03592
3.11 -0.967914 1.03109
3.115 -0.973057 1.02624
3.12 -0.978176 1.02136
3.125 -0.98327 1.01645
3.13 -0.98834 1.01153
3.135 -0.993386 1.00657
3.14 -0.998406 1.00159
3.145 -1.0034 0.996587
3.15 -1.00837 0.991557
3.155 -1.01332 0.986503
3.16 -1.01824 0.981424
3.165 -1.02313 0.976321
3.17 -1.028 0.971193
3.175 -1.03284 0.966041
3.18 -1.03766 0.960865
3.185 -1.04245 0.955664
3.19 -1.04722 0.95044
3.195 -1.05196 0.945192
3.2 -1.05667 0.939921
3.205 -1.06136 0.934626
3.21 -1.06602 0.929307
3.215 -1.07065 0.923965
3.22 -1.07525 0.918601
3.225 -1.07983 0.913213
3.23 -1.08439 0.907802
3.235 -1.08891 0.902369
3.24 -1.09341 0.896913
3.245 -1.09788 0.891435
3.25 -1.10232 0.885935
3.255 -1.10674 0.880412
3.26 -1.11113 0.874867
3.265 -1.11549 0.869301
3.27 -1.11982 0.863712
3.275 -1.12413 0.858102
3.28 -1.1284 0.852471
3.285 -1.13265 0.846818
3.29 -1.13687 0.841145
3.295 -1.14106 0.83545
3.3 -1.14523 0.829734
3.305 -1.14936 0.823998
3.31 -1.15347 0.818241
3.315 -1.15754 0.812463
3.32 -1.16159 0.806665
3.325 -1.16561 0.800847
3.33 -1.1696 0.795009
3.335 -1.17356 0.789151
3.34 -1.17749 0.783274
3.345 -1.18139 0.777376
3.35 -1.18526 0.77146
3.355 -1.18911 0.765524
3.36 -1.19292 0.759569
3.365 -1.1967 0.753595
3.37 -1.20045 0.747602
3.375 -1.20418 0.74159
3.38 -1.20787 0.73556
3.385 -1.21153 0.729511
3.39 -1.21517 0.723445
3.395 -1.21877 0.71736
3.4 -1.22234 0.711257
3.405 -1.22588 0.705137
3.41 -1.22939 0.698998
3.415 -1.23287 0.692843
3.42 -1.23632 0.68667
3.425 -1.23974 0.68048
3.43 -1.24312 0.674272
3.435 -1.24648 0.668048
3.44 -1.2498 0.661808
3.445 -1.2531 0.65555
3.45 -1.25636 0.649277
3.455 -1.25959 0.642987
3.46 -1.26279 0.636681
3.465 -1.26596 0.630359
3.47 -1.26909 0.624021
3.475 -1.2722 0.617668
3.48 -1.27527 0.611299
3.485 -1.27831 0.604915
3.49 -1.28132 0.598516
3.495 -1.2843 0.592102
3.5 -1.28724 0.585673
3.505 -1.29015 0.57923
3.51 -1.29303 0.572772
3.515 -1.29588 0.5663
3.52 -1.2987 0.559813
3.525 -1.30148 0.553313
3.53 -1.30423 0.546799
3.535 -1.30695 0.540271
3.54 -1.30963 0.533729
3.545 -1.31228 0.527174
3.55 -1.3149 0.520606
3.555 -1.31749 0.514025
3.56 -1.32004 0.507432
3.565 -1.32256 0.500825
3.57 -1.32505 0.494206
3.575 -1.32751 0.487575
3.58 -1.32993 0.480931
3.585 -1.33231 0.474275
3.59 -1.33467 0.467608
3.595 -1.33699 0.460929
3.6 -1.33928 0.454238
3.605 -1.34153 0.447536
3.61 -1.34375 0.440823
3.615 -1.34594 0.434098
3.62 -1.3481 0.427363
3.625 -1.35022 0.420618
3.63 -1.3523 0.413861
3.635 -1.35435 0.407095
3.64 -1.35637 0.400318
3.645 -1.35836 0.393531
3.65 -1.36031 0.386734
3.655 -1.36222 0.379928
3.66 -1.36411 0.373112
3.665 -1.36596 0.366287
3.67 -1.36777 0.359453
3.675 -1.36955 0.352609
3.68 -1.3713 0.345757
3.685 -1.37301 0.338896
3.69 -1.37468 0.332027
3.695 -1.37633 0.32515
3.7 -1.37794 0.318264
3.705 -1.37951 0.31137
3.71 -1.38105 0.304469
3.715 -1.38255 0.29756
3.72 -1.38403 0.290643
3.725 -1.38546 0.28372
3.73 -1.38686 0.276789
3.735 -1.38823 0.269851
3.74 -1.38956 0.262907
3.745 -1.39086 0.255956
3.75 -1.39212 0.248998
3.755 -1.39335 0.242034
3.76 -1.39454 0.235065
3.765 -1.3957 0.228089
3.77 -1.39682 0.221108
3.775 -1.39791 0.214121
3.78 -1.39896 0.207129
3.785 -1.39998 0.200131
3.79 -1.40096 0.193129
3.795 -1.40191 0.186122
3.8 -1.40283 0.17911
3.805 -1.4037 0.172093
3.81 -1.40455 0.165073
3.815 -1.40535 0.158048
3.82 -1.40613 0.151019
3.825 -1.40686 0.143987
3.83 -1.40757 0.136951
3.835 -1.40823 0.129911
3.84 -1.40887 0.122868
3.845 -1.40946 0.115823
3.85 -1.41002 0.108774
3.855 -1.41055 0.101722
3.86 -1.41104 0.0946685
3.865 -1.4115 0.0876121
3.87 -1.41192 0.0805536
3.875 -1.4123 0.073493
3.88 -1.41265 0.0664306
3.885 -1.41297 0.0593665
3.89 -1.41325 0.052301
3.895 -1.41349 0.0452341
3.9 -1.4137 0.0381661
3.905 -1.41387 0.0310972
3.91 -1.41401 0.0240275
3.915 -1.41411 0.0169572
3.92 -1.41418 0.00988643
3.925 -1.41421 0.00281544
3.93 -1.41421 -0.00425562
3.935 -1.41417 -0.0113266
3.94 -1.41409 -0.0183972
3.945 -1.41398 -0.0254675
3.95 -1.41384 -0.032537
3.955 -1.41366 -0.0396058
3.96 -1.41344 -0.0466736
3.965 -1.41319 -0.0537402
3.97 -1.41291 -0.0608054
3.975 -1.41258 -0.0678692
3.98 -1.41223 -0.0749312
3.985 -1.41183 -0.0819914
3.99 -1.41141 -0.0890495
3.995 -1.41094 -0.0961054
4 -1.41045 -0.103159
4.005 -1.40991 -0.11021
4.01 -1.40934 -0.117258
4.015 -1.40874 -0.124303
4.02 -1.4081 -0.131345
4.025 -1.40743 -0.138384
4.03 -1.40672 -0.145419
4.035 -1.40597 -0.152451
4.04 -1.40519 -0.159479
4.045 -1.40438 -0.166503
4.05 -1.40353 -0.173523
4.055 -1.40264 -0.180538
4.06 -1.40172 -0.187549
4.065 -1.40077 -0.194555
4.07 -1.39978 -0.201557
4.075 -1.39875 -0.208553
4.08 -1.39769 -0.215544
4.085 -1.3966 -0.22253
4.09 -1.39547 -0.22951
4.095 -1.3943 -0.236485
4.1 -1.3931 -0.243453
4.105 -1.39187 -0.250416
4.11 -1.3906 -0.257372
4.115 -1.38929 -0.264322
4.12 -1.38795 -0.271265
4.125 -1.38658 -0.278201
4.13 -1.38517 -0.28513
4.135 -1.38373 -0.292053
4.14 -1.38225 -0.298968
4.145 -1.38074 -0.305875
4.15 -1.37919 -0.312775
4.155 -1.37761 -0.319667
4.16 -1.376 -0.326551
4.165 -1.37435 -0.333427
4.17 -1.37266 -0.340294
4.175 -1.37094 -0.347153
4.18 -1.36919 -0.354004
4.185 -1.3674 -0.360845
4.19 -1.36558 -0.367678
4.195 -1.36373 -0.374501
4.2 -1.36184 -0.381315
4.205 -1.35991 -0.388119
4.21 -1.35796 -0.394914
4.215 -1.35596 -0.401699
4.22 -1.35394 -0.408474
4.225 -1.35188 -0.415238
4.23 -1.34979 -0.421992
4.235 -1.34766 -0.428736
4.24 -1.3455 -0.435469
4.245 -1.3433 -0.442191
4.25 -1.34108 -0.448902
4.255 -1.33882 -0.455602
4.26 -1.33652 -0.46229
4.265 -1.33419 -0.468967
4.27 -1.33183 -0.475632
4.275 -1.32944 -0.482285
4.28 -1.32701 -0.488926
4.285 -1.32455 -0.495555
4.29 -1.32205 -0.502172
4.295 -1.31953 -0.508776
4.3 -1.31697 -0.515367
4.305 -1.31437 -0.521945
4.31 -1.31175 -0.52851
4.315 -1.30909 -0.535063
4.32 -1.3064 -0.541601
4.325 -1.30367 -0.548126
4.33 -1.30091 -0.554638
4.335 -1.29812 -0.561136
4.34 -1.2953 -0.567619
4.345 -1.29245 -0.574088
4.35 -1.28956 -0.580544
4.355 -1.28664 -0.586984
4.36 -1.28369 -0.59341
4.365 -1.28071 -0.599821
4.37 -1.27769 -0.606217
4.375 -1.27465 -0.612598
4.38 -1.27157 -0.618963
4.385 -1.26846 -0.625313
4.39 -1.26531 -0.631648
4.395 -1.26214 -0.637967
4.4 -1.25893 -0.644269
4.405 -1.2557 -0.650556
4.41 -1.25243 -0.656826
4.415 -1.24913 -0.66308
4.42 -1.2458 -0.669317
4.425 -1.24244 -0.675538
4.43 -1.23904 -0.681742
4.435 -1.23562 -0.687928
4.44 -1.23216 -0.694098
4.445 -1.22868 -0.70025
4.45 -1.22516 -0.706385
4.455 -1.22161 -0.712502
4.46 -1.21804 -0.718601
4.465 -1.21443 -0.724682
4.47 -1.21079 -0.730745
4.475 -1.20712 -0.73679
4.48 -1.20342 -0.742816
4.485 -1.19969 -0.748824
4.49 -1.19593 -0.754813
4.495 -1.19214 -0.760783
4.5 -1.18833 -0.766734
4.505 -1.18448 -0.772666
4.51 -1.1806 -0.778579
4.515 -1.17669 -0.784472
4.52 -1.17275 -0.790346
4.525 -1.16879 -0.7962
4.53 -1.16479 -0.802034
4.535 -1.16077 -0.807848
4.54 -1.15671 -0.813641
4.545 -1.15263 -0.819415
4.55 -1.14852 -0.825168
4.555 -1.14438 -0.8309
4.56 -1.14021 -0.836611
4.565 -1.13601 -0.842302
4.57 -1.13179 -0.847971
4.575 -1.12753 -0.85362
4.58 -1.12325 -0.859247
4.585 -1.11894 -0.864852
4.59 -1.1146 -0.870436
4.595 -1.11024 -0.875998
4.6 -1.10584 -0.881538
4.605 -1.10142 -0.887057
4.61 -1.09697 -0.892553
4.615 -1.0925 -0.898026
4.62 -1.08799 -0.903478
4.625 -1.08346 -0.908906
4.63 -1.0789 -0.914312
4.635 -1.07432 -0.919695
4.64 -1.06971 -0.925055
4.645 -1.06507 -0.930392
4.65 -1.0604 -0.935706
4.655 -1.05571 -0.940996
4.66 -1.05099 -0.946263
4.665 -1.04625 -0.951506
4.67 -1.04148 -0.956725
4.675 -1.03668 -0.961921
4.68 -1.03186 -0.967092
4.685 -1.02701 -0.972239
4.69 -1.02214 -0.977362
4.695 -1.01724 -0.982461
4.7 -1.01231 -0.987535
4.705 -1.00736 -0.992584
4.71 -1.00239 -0.997608
4.715 -0.997386 -1.00261
4.72 -0.99236 -1.00758
4.725 -0.98731 -1.01253
4.73 -0.982235 -1.01746
4.735 -0.977135 -1.02235
4.74 -0.972011 -1.02723
4.745 -0.966863 -1.03207
4.75 -0.961691 -1.03689
4.755 -0.956494 -1.04169
4.76 -0.951274 -1.04646
4.765 -0.94603 -1.0512
4.77 -0.940762 -1.05592
4.775 -0.93547 -1.06061
4.78 -0.930156 -1.06527
4.785 -0.924818 -1.06991
4.79 -0.919457 -1.07452
4.795 -0.914073 -1.07911
4.8 -0.908666 -1.08366
4.805 -0.903236 -1.08819
4.81 -0.897784 -1.0927
4.815 -0.892309 -1.09717
4.82 -0.886812 -1.10162
4.825 -0.881293 -1.10604
4.83 -0.875752 -1.11043
4.835 -0.870189 -1.1148
4.84 -0.864604 -1.11913
4.845 -0.858997 -1.12344
4.85 -0.853369 -1.12772
4.855 -0.84772 -1.13198
4.86 -0.84205 -1.1362
4.865 -0.836358 -1.1404
4.87 -0.830646 -1.14456
4.875 -0.824913 -1.1487
4.88 -0.819159 -1.15281
4.885 -0.813385 -1.15689
4.89 -0.80759 -1.16095
4.895 -0.801775 -1.16497
4.9 -0.79594 -1.16896
4.905 -0.790085 -1.17293
4.91 -0.784211 -1.17687
4.915 -0.778317 -1.18077
4.92 -0.772403 -1.18465
4.925 -0.76647 -1.1885
4.93 -0.760518 -1.19231
4.935 -0.754547 -1.1961
4.94 -0.748557 -1.19986
4.945 -0.742549 -1.20359
4.95 -0.736522 -1.20728
4.955 -0.730476 -1.21095
4.96 -0.724412 -1.21459
4.965 -0.71833 -1.2182
4.97 -0.71223 -1.22177
4.975 -0.706113 -1.22532
4.98 -0.699977 -1.22883
4.985 -0.693824 -1.23232
4.99 -0.687654 -1.23577
4.995 -0.681467 -1.23919
5 -0.675262 -1.24259
5.005 -0.669041 -1.24595
5.01 -0.662803 -1.24928
5.015 -0.656548 -1.25258
5.02 -0.650277 -1.25584
5.025 -0.64399 -1.25908
5.03 -0.637686 -1.26228
5.035 -0.631367 -1.26545
5.04 -0.625032 -1.2686
5.045 -0.618681 -1.27171
5.05 -0.612315 -1.27478
5.055 -0.605933 -1.27783
5.06 -0.599537 -1.28084
5.065 -0.593125 -1.28382
5.07 -0.586698 -1.28677
5.075 -0.580257 -1.28969
5.08 -0.573801 -1.29258
5.085 -0.567331 -1.29543
5.09 -0.560847 -1.29825
5.095 -0.554349 -1.30104
5.1 -0.547837 -1.30379
5.105 -0.541311 -1.30652
5.11 -0.534772 -1.30921
5.115 -0.528219 -1.31186
5.12 -0.521653 -1.31449
5.125 -0.515074 -1.31708
5.13 -0.508483 -1.31964
5.135 -0.501878 -1.32216
5.14 -0.495261 -1.32466
5.145 -0.488631 -1.32712
5.15 -0.48199 -1.32954
5.155 -0.475336 -1.33194
5.16 -0.468671 -1.3343
5.165 -0.461993 -1.33662
5.17 -0.455304 -1.33892
5.175 -0.448604 -1.34118
5.18 -0.441893 -1.3434
5.185 -0.43517 -1.3456
5.19 -0.428437 -1.34775
5.195 -0.421693 -1.34988
5.2 -0.414938 -1.35197
5.205 -0.408173 -1.35403
5.21 -0.401398 -1.35605
5.215 -0.394612 -1.35804
5.22 -0.387817 -1.36
5.225 -0.381013 -1.36192
5.23 -0.374198 -1.36381
5.235 -0.367375 -1.36566
5.24 -0.360542 -1.36748
5.245 -0.3537 -1.36927
5.25 -0.346849 -1.37102
5.255 -0.33999 -1.37274
5.26 -0.333122 -1.37442
5.265 -0.326245 -1.37607
5.27 -0.319361 -1.37768
5.275 -0.312469 -1.37926
5.28 -0.305569 -1.38081
5.285 -0.298661 -1.38232
5.29 -0.291745 -1.38379
5.295 -0.284823 -1.38523
5.3 -0.277893 -1.38664
5.305 -0.270956 -1.38801
5.31 -0.264013 -1.38935
5.315 -0.257063 -1.39065
5.32 -0.250107 -1.39192
5.325 -0.243144 -1.39316
5.33 -0.236175 -1.39435
5.335 -0.2292 -1.39552
5.34 -0.22222 -1.39665
5.345 -0.215234 -1.39774
5.35 -0.208243 -1.3988
5.355 -0.201246 -1.39982
5.36 -0.194244 -1.40081
5.365 -0.187238 -1.40176
5.37 -0.180227 -1.40268
5.375 -0.173211 -1.40357
5.38 -0.166191 -1.40441
5.385 -0.159167 -1.40523
5.39 -0.152139 -1.40601
5.395 -0.145107 -1.40675
5.4 -0.138072 -1.40746
5.405 -0.131033 -1.40813
5.41 -0.12399 -1.40877
5.415 -0.116945 -1.40937
5.42 -0.109897 -1.40994
5.425 -0.102846 -1.41047
5.43 -0.0957921 -1.41097
5.435 -0.0887361 -1.41143
5.44 -0.0816779 -1.41185
5.445 -0.0746176 -1.41224
5.45 -0.0675555 -1.4126
5.455 -0.0604917 -1.41292
5.46 -0.0534264 -1.4132
5.465 -0.0463597 -1.41345
5.47 -0.0392919 -1.41367
5.475 -0.0322231 -1.41385
5.48 -0.0251535 -1.41399
5.485 -0.0180833 -1.4141
5.49 -0.0110126 -1.41417
5.495 -0.00394161 -1.41421
5.5 0.00312945 -1.41421
5.505 0.0102004 -1.41418
5.51 0.0172712 -1.41411
5.515 0.0243415 -1.414
5.52 0.0314111 -1.41386
5.525 0.03848 -1.41369
5.53 0.045548 -1.41348
5.535 0.0526148 -1.41323
5.54 0.0596803 -1.41295
5.545 0.0667443 -1.41264
5.55 0.0738066 -1.41229
5.555 0.0808671 -1.4119
5.56 0.0879255 -1.41148
5.565 0.0949818 -1.41102
5.57 0.102036 -1.41053
5.575 0.109087 -1.41
5.58 0.116136 -1.40944
5.585 0.123181 -1.40884
5.59 0.130224 -1.40821
5.595 0.137263 -1.40754
5.6 0.144299 -1.40683
5.605 0.151332 -1.40609
5.61 0.15836 -1.40532
5.615 0.165385 -1.40451
5.62 0.172405 -1.40367
5.625 0.179421 -1.40279
5.63 0.186433 -1.40187
5.635 0.19344 -1.40092
5.64 0.200442 -1.39994
5.645 0.207439 -1.39892
5.65 0.214431 -1.39786
5.655 0.221418 -1.39677
5.66 0.228399 -1.39565
5.665 0.235374 -1.39449
5.67 0.242344 -1.39329
5.675 0.249307 -1.39207
5.68 0.256264 -1.3908
5.685 0.263215 -1.3895
5.69 0.270159 -1.38817
5.695 0.277097 -1.3868
5.7 0.284027 -1.3854
5.705 0.290951 -1.38396
5.71 0.297867 -1.38249
5.715 0.304775 -1.38098
5.72 0.311677 -1.37944
5.725 0.31857 -1.37787
5.73 0.325455 -1.37626
5.735 0.332332 -1.37461
5.74 0.339201 -1.37293
5.745 0.346062 -1.37122
5.75 0.352913 -1.36947
5.755 0.359756 -1.36769
5.76 0.36659 -1.36587
5.765 0.373415 -1.36402
5.77 0.38023 -1.36214
5.775 0.387036 -1.36022
5.78 0.393833 -1.35827
5.785 0.400619 -1.35628
5.79 0.407395 -1.35426
5.795 0.414161 -1.35221
5.8 0.420917 -1.35012
5.805 0.427663 -1.348
5.81 0.434397 -1.34585
5.815 0.441121 -1.34366
5.82 0.447834 -1.34143
5.825 0.454535 -1.33918
5.83 0.461226 -1.33689
5.835 0.467904 -1.33457
5.84 0.474571 -1.33221
5.845 0.481226 -1.32982
5.85 0.487869 -1.3274
5.855 0.4945 -1.32494
5.86 0.501119 -1.32245
5.865 0.507725 -1.31993
5.87 0.514318 -1.31738
5.875 0.520898 -1.31479
5.88 0.527466 -1.31217
5.885 0.53402 -1.30951
5.89 0.540561 -1.30683
5.895 0.547088 -1.30411
5.9 0.553602 -1.30136
5.905 0.560102 -1.29857
5.91 0.566587 -1.29575
5.915 0.573059 -1.2929
5.92 0.579516 -1.29002
5.925 0.585959 -1.28711
5.93 0.592387 -1.28416
5.935 0.598801 -1.28119
5.94 0.605199 -1.27818
5.945 0.611583 -1.27513
5.95 0.617951 -1.27206
5.955 0.624303 -1.26895
5.96 0.63064 -1.26582
5.965 0.636961 -1.26265
5.97 0.643266 -1.25945
5.975 0.649556 -1.25622
5.98 0.655829 -1.25295
5.985 0.662085 -1.24966
5.99 0.668325 -1.24633
5.995 0.674548 -1.24297
6 0.680755 -1.23959
6.005 0.686944 -1.23617
6.01 0.693116 -1.23272
6.015 0.699271 -1.22924
6.02 0.705409 -1.22572
6.025 0.711528 -1.22218
6.03 0.71763 -1.21861
6.035 0.723715 -1.21501
6.04 0.72978 -1.21137
6.045 0.735828 -1.20771
6.05 0.741857 -1.20401
6.055 0.747868 -1.20029
6.06 0.75386 -1.19653
6.065 0.759834 -1.19275
6.07 0.765788 -1.18894
6.075 0.771723 -1.18509
6.08 0.777639 -1.18122
6.085 0.783535 -1.17732
6.09 0.789412 -1.17338
6.095 0.795269 -1.16942
6.1 0.801106 -1.16543
6.105 0.806923 -1.16141
6.11 0.81272 -1.15736
6.115 0.818497 -1.15328
6.12 0.824253 -1.14918
6.125 0.829988 -1.14504
6.13 0.835703 -1.14088
6.135 0.841397 -1.13668
6.14 0.84707 -1.13246
6.145 0.852722 -1.12821
6.15 0.858352 -1.12394
6.155 0.863961 -1.11963
6.16 0.869548 -1.1153
6.165 0.875114 -1.11093
6.17 0.880658 -1.10655
6.175 0.886179 -1.10213
6.18 0.891679 -1.09768
6.185 0.897156 -1.09321
6.19 0.902611 -1.08871
6.195 0.908043 -1.08419
6.2 0.913453 -1.07963
6.205 0.918839 -1.07505
6.21 0.924203 -1.07044
6.215 0.929544 -1.06581
6.22 0.934861 -1.06115
6.225 0.940155 -1.05646
6.23 0.945426 -1.05175
6.235 0.950673 -1.04701
6.24 0.955896 -1.04224
6.245 0.961095 -1.03745
6.25 0.96627 -1.03263
6.255 0.971421 -1.02778
6.26 0.976548 -1.02291
6.265 0.98165 -1.01802
6.27 0.986728 -1.0131
6.275 0.991781 -1.00815
6.28 0.99681 -1.00318
6.285 1.00181 -0.998184
6.29 1.00679 -0.993162
6.295 1.01174 -0.988116
6.3 1.01667 -0.983045
6.305 1.02158 -0.977949
6.31 1.02645 -0.972829
6.315 1.0313 -0.967685
6.32 1.03613 -0.962516
6.325 1.04093 -0.957323
6.33 1.0457 -0.952107
6.335 1.05045 -0.946866
6.34 1.05517 -0.941602
6.345 1.05987 -0.936315
6.35 1.06453 -0.931004
6.355 1.06918 -0.925669
6.36 1.07379 -0.920312
6.365 1.07838 -0.914932
6.37 1.08294 -0.909528
6.375 1.08747 -0.904102
6.38 1.09198 -0.898654
6.385 1.09646 -0.893182
6.39 1.10091 -0.887689
6.395 1.10534 -0.882173
6.4 1.10973 -0.876636
6.405 1.1141 -0.871076
6.41 1.11844 -0.865495
6.415 1.12276 -0.859892
6.42 1.12704 -0.854267
6.425 1.1313 -0.848621
6.43 1.13553 -0.842954
6.435 1.13973 -0.837266
6.44 1.1439 -0.831557
6.445 1.14805 -0.825827
6.45 1.15216 -0.820077
6.455 1.15625 -0.814306
6.46 1.1603 -0.808514
6.465 1.16433 -0.802703
6.47 1.16833 -0.796871
6.475 1.1723 -0.791019
6.48 1.17624 -0.785148
6.485 1.18015 -0.779257
6.49 1.18403 -0.773346
6.495 1.18789 -0.767417
6.5 1.19171 -0.761468
6.505 1.1955 -0.7555
6.51 1.19926 -0.749513
6.515 1.203 -0.743507
6.52 1.2067 -0.737483
6.525 1.21037 -0.73144
6.53 1.21401 -0.725379
6.535 1.21762 -0.7193
6.54 1.2212 -0.713203
6.545 1.22476 -0.707088
6.55 1.22828 -0.700955
6.555 1.23177 -0.694805
6.56 1.23522 -0.688638
6.565 1.23865 -0.682453
6.57 1.24205 -0.676251
6.575 1.24541 -0.670033
6.58 1.24875 -0.663797
6.585 1.25205 -0.657545
6.59 1.25532 -0.651277
6.595 1.25856 -0.644992
6.6 1.26177 -0.638691
6.605 1.26495 -0.632374
6.61 1.2681 -0.626042
6.615 1.27121 -0.619693
6.62 1.27429 -0.61333
6.625 1.27735 -0.606951
6.63 1.28036 -0.600556
6.635 1.28335 -0.594147
6.64 1.28631 -0.587723
6.645 1.28923 -0.581284
6.65 1.29212 -0.574831
6.655 1.29498 -0.568363
6.66 1.2978 -0.561881
6.665 1.3006 -0.555385
6.67 1.30336 -0.548875
6.675 1.30608 -0.542351
6.68 1.30878 -0.535814
6.685 1.31144 -0.529264
6.69 1.31407 -0.5227
6.695 1.31667 -0.516123
6.7 1.31923 -0.509533
6.705 1.32176 -0.502931
6.71 1.32426 -0.496316
6.715 1.32673 -0.489688
6.72 1.32916 -0.483048
6.725 1.33156 -0.476397
6.73 1.33392 -0.469733
6.735 1.33626 -0.463057
6.74 1.33855 -0.45637
6.745 1.34082 -0.449672
6.75 1.34305 -0.442962
6.755 1.34525 -0.436242
6.76 1.34741 -0.42951
6.765 1.34954 -0.422767
6.77 1.35164 -0.416014
6.775 1.3537 -0.409251
6.78 1.35573 -0.402477
6.785 1.35773 -0.395694
6.79 1.35969 -0.3889
6.795 1.36162 -0.382097
6.8 1.36351 -0.375284
6.805 1.36537 -0.368462
6.81 1.3672 -0.36163
6.815 1.36899 -0.35479
6.82 1.37074 -0.347941
6.825 1.37247 -0.341083
6.83 1.37415 -0.334216
6.835 1.37581 -0.327341
6.84 1.37743 -0.320458
6.845 1.37901 -0.313567
6.85 1.38056 -0.306668
6.855 1.38208 -0.299761
6.86 1.38356 -0.292847
6.865 1.38501 -0.285926
6.87 1.38642 -0.278997
6.875 1.3878 -0.272062
6.88 1.38914 -0.265119
6.885 1.39045 -0.25817
6.89 1.39172 -0.251215
6.895 1.39296 -0.244253
6.9 1.39416 -0.237285
6.905 1.39533 -0.230312
6.91 1.39647 -0.223332
6.915 1.39757 -0.216347
6.92 1.39863 -0.209356
6.925 1.39966 -0.202361
6.93 1.40066 -0.19536
6.935 1.40161 -0.188354
6.94 1.40254 -0.181344
6.945 1.40343 -0.174329
6.95 1.40428 -0.16731
6.955 1.4051 -0.160286
6.96 1.40588 -0.153259
6.965 1.40663 -0.146227
6.97 1.40735 -0.139192
6.975 1.40803 -0.132154
6.98 1.40867 -0.125112
6.985 1.40928 -0.118067
6.99 1.40985 -0.111019
6.995 1.41039 -0.103969
7 1.41089 -0.0969157
7.005 1.41136 -0.08986
7.01 1.41179 -0.0828022
7.015 1.41218 -0.0757422
7.02 1.41254 -0.0686804
7.025 1.41287 -0.0616168
7.03 1.41316 -0.0545517
7.035 1.41342 -0.0474853
7.04 1.41364 -0.0404176
7.045 1.41382 -0.033349
7.05 1.41397 -0.0262795
7.055 1.41408 -0.0192093
7.06 1.41416 -0.0121387
7.065 1.4142 -0.00506778
7.07 1.41421 0.00200327
7.075 1.41418 0.00907428
7.08 1.41412 0.0161451
7.085 1.41402 0.0232154
7.09 1.41389 0.0302852
7.095 1.41372 0.0373543
7.1 1.41352 0.0444224
7.105 1.41328 0.0514894
7.11 1.413 0.0585551
7.115 1.41269 0.0656193
7.12 1.41234 0.0726819
7.125 1.41196 0.0797427
7.13 1.41155 0.0868015
7.135 1.4111 0.0938581
7.14 1.41061 0.100912
7.145 1.41009 0.107964
7.15 1.40953 0.115013
7.155 1.40894 0.122059
7.16 1.40831 0.129103
7.165 1.40765 0.136142
7.17 1.40695 0.143179
7.175 1.40621 0.150212
7.18 1.40544 0.157241
7.185 1.40464 0.164266
7.19 1.4038 0.171287
7.195 1.40293 0.178304
7.2 1.40202 0.185317
7.205 1.40108 0.192324
7.21 1.4001 0.199327
7.215 1.39908 0.206325
7.22 1.39803 0.213318
7.225 1.39695 0.220305
7.23 1.39583 0.227287
7.235 1.39468 0.234264
7.24 1.39349 0.241234
7.245 1.39226 0.248199
7.25 1.39101 0.255157
7.255 1.38971 0.262109
7.26 1.38838 0.269054
7.265 1.38702 0.275992
7.27 1.38562 0.282924
7.275 1.38419 0.289848
7.28 1.38273 0.296766
7.285 1.38122 0.303676
7.29 1.37969 0.310578
7.295 1.37812 0.317473
7.3 1.37651 0.324359
7.305 1.37488 0.331238
7.31 1.3732 0.338108
7.315 1.37149 0.34497
7.32 1.36975 0.351823
7.325 1.36798 0.358667
7.33 1.36617 0.365502
7.335 1.36432 0.372329
7.34 1.36244 0.379146
7.345 1.36053 0.385953
7.35 1.35858 0.392751
7.355 1.3566 0.399539
7.36 1.35459 0.406317
7.365 1.35254 0.413085
7.37 1.35046 0.419842
7.375 1.34834 0.426589
7.38 1.34619 0.433325
7.385 1.34401 0.440051
7.39 1.34179 0.446765
7.395 1.33954 0.453469
7.4 1.33726 0.460161
7.405 1.33494 0.466841
7.41 1.33259 0.47351
7.415 1.3302 0.480167
7.42 1.32779 0.486812
7.425 1.32533 0.493445
7.43 1.32285 0.500065
7.435 1.32033 0.506673
7.44 1.31778 0.513269
7.445 1.3152 0.519851
7.45 1.31259 0.526421
7.455 1.30994 0.532977
7.46 1.30726 0.53952
7.465 1.30454 0.546049
7.47 1.3018 0.552565
7.475 1.29902 0.559067
7.48 1.2962 0.565555
7.485 1.29336 0.572029
7.49 1.29048 0.578489
7.495 1.28758 0.584934
7.5 1.28464 0.591365
7.505 1.28166 0.59778
7.51 1.27866 0.604181
7.515 1.27562 0.610567
7.52 1.27255 0.616937
7.525 1.26945 0.623292
7.53 1.26632 0.629632
7.535 1.26315 0.635956
7.54 1.25996 0.642263
7.545 1.25673 0.648555
7.55 1.25347 0.654831
7.555 1.25018 0.66109
7.56 1.24686 0.667332
7.565 1.24351 0.673558
7.57 1.24013 0.679767
7.575 1.23671 0.68596
7.58 1.23327 0.692135
7.585 1.22979 0.698292
7.59 1.22629 0.704432
7.595 1.22275 0.710555
7.6 1.21918 0.71666
7.605 1.21558 0.722747
7.61 1.21195 0.728816
7.615 1.20829 0.734866
7.62 1.2046 0.740898
7.625 1.20088 0.746912
7.63 1.19713 0.752907
7.635 1.19335 0.758883
7.64 1.18955 0.764841
7.645 1.18571 0.770779
7.65 1.18184 0.776698
7.655 1.17794 0.782597
7.66 1.17401 0.788477
7.665 1.17005 0.794337
7.67 1.16607 0.800178
7.675 1.16205 0.805998
7.68 1.15801 0.811798
7.685 1.15394 0.817578
7.69 1.14983 0.823337
7.695 1.1457 0.829076
7.7 1.14154 0.834794
7.705 1.13735 0.840492
7.71 1.13314 0.846168
7.715 1.12889 0.851823
7.72 1.12462 0.857457
7.725 1.12032 0.863069
7.73 1.11599 0.86866
7.735 1.11163 0.874229
7.74 1.10725 0.879776
7.745 1.10283 0.885301
7.75 1.09839 0.890804
7.755 1.09393 0.896285
7.76 1.08943 0.901744
7.765 1.08491 0.907179
7.77 1.08036 0.912593
7.775 1.07578 0.917983
7.78 1.07118 0.92335
7.785 1.06655 0.928695
7.79 1.06189 0.934016
7.795 1.05721 0.939314
7.8 1.0525 0.944588
7.805 1.04776 0.949839
7.81 1.043 0.955066
7.815 1.03821 0.960269
7.82 1.0334 0.965448
7.825 1.02856 0.970602
7.83 1.02369 0.975733
7.835 1.0188 0.980839
7.84 1.01388 0.985921
7.845 1.00894 0.990978
7.85 1.00397 0.99601
7.855 0.998981 1.00102
7.86 0.993964 1.006
7.865 0.988921 1.01096
7.87 0.983854 1.01589
7.875 0.978762 1.0208
7.88 0.973646 1.02568
7.885 0.968506 1.03053
7.89 0.963341 1.03536
7.895 0.958152 1.04017
7.9 0.952939 1.04494
7.905 0.947703 1.0497
7.91 0.942442 1.05442
7.915 0.937158 1.05912
7.92 0.931851 1.06379
7.925 0.926521 1.06844
7.93 0.921167 1.07306
7.935 0.91579 1.07765
7.94 0.91039 1.08222
7.945 0.904968 1.08675
7.95 0.899523 1.09126
7.955 0.894055 1.09575
7.96 0.888565 1.10021
7.965 0.883053 1.10463
7.97 0.877519 1.10904
7.975 0.871963 1.11341
7.98 0.866385 1.11776
7.985 0.860786 1.12207
7.99 0.855164 1.12636
7.995 0.849522 1.13062
8 0.843858 1.13486
8.005 0.838173 1.13906
8.01 0.832468 1.14324
8.015 0.826741 1.14739
8.02 0.820994 1.15151
8.025 0.815226 1.1556
8.03 0.809438 1.15966
8.035 0.803629 1.16369
8.04 0.797801 1.1677
8.045 0.791953 1.17167
8.05 0.786084 1.17562
8.055 0.780196 1.17953
8.06 0.774289 1.18342
8.065 0.768362 1.18727
8.07 0.762416 1.1911
8.075 0.756451 1.1949
8.08 0.750467 1.19867
8.085 0.744465 1.2024
8.09 0.738443 1.20611
8.095 0.732404 1.20979
8.1 0.726346 1.21343
8.105 0.720269 1.21705
8.11 0.714175 1.22064
8.115 0.708063 1.22419
8.12 0.701933 1.22772
8.125 0.695786 1.23121
8.13 0.689621 1.23468
8.135 0.683439 1.23811
8.14 0.67724 1.24151
8.145 0.671024 1.24488
8.15 0.664791 1.24822
8.155 0.658542 1.25153
8.16 0.652276 1.25481
8.165 0.645994 1.25805
8.17 0.639696 1.26126
8.175 0.633382 1.26445
8.18 0.627051 1.2676
8.185 0.620706 1.27072
8.19 0.614344 1.27381
8.195 0.607968 1.27686
8.2 0.601576 1.27989
8.205 0.595169 1.28288
8.21 0.588747 1.28584
8.215 0.58231 1.28876
8.22 0.575859 1.29166
8.225 0.569394 1.29452
8.23 0.562914 1.29735
8.235 0.55642 1.30015
8.24 0.549913 1.30292
8.245 0.543391 1.30565
8.25 0.536856 1.30835
8.255 0.530308 1.31102
8.26 0.523746 1.31366
8.265 0.517171 1.31626
8.27 0.510584 1.31883
8.275 0.503983 1.32136
8.28 0.49737 1.32387
8.285 0.490745 1.32634
8.29 0.484107 1.32877
8.295 0.477457 1.33118
8.3 0.470795 1.33355
8.305 0.464121 1.33589
8.31 0.457436 1.33819
8.315 0.45074 1.34046
8.32 0.444032 1.3427
8.325 0.437313 1.3449
8.33 0.430583 1.34707
8.335 0.423842 1.34921
8.34 0.417091 1.35131
8.345 0.410329 1.35338
8.35 0.403557 1.35541
8.355 0.396775 1.35741
8.36 0.389983 1.35938
8.365 0.383181 1.36131
8.37 0.37637 1.36321
8.375 0.369549 1.36508
8.38 0.362719 1.36691
8.385 0.35588 1.3687
8.39 0.349032 1.37047
8.395 0.342175 1.37219
8.4 0.33531 1.37389
8.405 0.328437 1.37555
8.41 0.321555 1.37717
8.415 0.314665 1.37876
8.42 0.307767 1.38032
8.425 0.300862 1.38184
8.43 0.293949 1.38333
8.435 0.287029 1.38478
8.44 0.280101 1.3862
8.445 0.273167 1.38758
8.45 0.266225 1.38893
8.455 0.259278 1.39024
8.46 0.252323 1.39152
8.465 0.245362 1.39277
8.47 0.238395 1.39398
8.475 0.231423 1.39515
8.48 0.224444 1.39629
8.485 0.21746 1.39739
8.49 0.21047 1.39846
8.495 0.203475 1.3995
8.5 0.196475 1.4005
8.505 0.18947 1.40146
8.51 0.182461 1.40239
8.515 0.175446 1.40329
8.52 0.168428 1.40415
8.525 0.161405 1.40497
8.53 0.154378 1.40576
8.535 0.147347 1.40652
8.54 0.140313 1.40724
8.545 0.133275 1.40792
8.55 0.126234 1.40857
8.555 0.119189 1.40918
8.56 0.112142 1.40976
8.565 0.105092 1.4103
8.57 0.0980392 1.41081
8.575 0.0909839 1.41128
8.58 0.0839264 1.41172
8.585 0.0768667 1.41212
8.59 0.0698052 1.41249
8.595 0.0627419 1.41282
8.6 0.0556771 1.41312
8.605 0.0486108 1.41338
8.61 0.0415433 1.4136
8.615 0.0344748 1.41379
8.62 0.0274055 1.41395
8.625 0.0203354 1.41407
8.63 0.0132648 1.41415
8.635 0.00619395 1.4142
8.64 -0.000877099 1.41421
8.645 -0.00794812 1.41419
8.65 -0.015019 1.41413
8.655 -0.0220894 1.41404
8.66 -0.0291593 1.41391
8.665 -0.0362285 1.41375
8.67 -0.0432967 1.41355
8.675 -0.0503639 1.41332
8.68 -0.0574298 1.41305
8.685 -0.0644943 1.41274
8.69 -0.0715572 1.4124
8.695 -0.0786183 1.41203
8.7 -0.0856774 1.41162
8.705 -0.0927344 1.41117
8.71 -0.0997891 1.41069
8.715 -0.106841 1.41017
8.72 -0.113891 1.40962
8.725 -0.120937 1.40903
8.73 -0.127981 1.40841
8.735 -0.135021 1.40775
8.74 -0.142058 1.40706
8.745 -0.149092 1.40633
8.75 -0.156122 1.40557
8.755 -0.163148 1.40477
8.76 -0.170169 1.40394
8.765 -0.177187 1.40307
8.77 -0.1842 1.40217
8.775 -0.191209 1.40123
8.78 -0.198212 1.40025
8.785 -0.205211 1.39925
8.79 -0.212205 1.3982
8.795 -0.219193 1.39712
8.8 -0.226176 1.39601
8.805 -0.233153 1.39486
8.81 -0.240124 1.39368
8.815 -0.24709 1.39246
8.82 -0.254049 1.39121
8.825 -0.261002 1.38992
8.83 -0.267948 1.3886
8.835 -0.274888 1.38724
8.84 -0.28182 1.38585
8.845 -0.288746 1.38442
8.85 -0.295665 1.38296
8.855 -0.302576 1.38147
8.86 -0.309479 1.37994
8.865 -0.316375 1.37837
8.87 -0.323263 1.37677
8.875 -0.330143 1.37514
8.88 -0.337014 1.37347
8.885 -0.343877 1.37177
8.89 -0.350732 1.37003
8.895 -0.357578 1.36826
8.9 -0.364414 1.36646
8.905 -0.371242 1.36462
8.91 -0.37806 1.36274
8.915 -0.384869 1.36084
8.92 -0.391669 1.35889
8.925 -0.398458 1.35692
8.93 -0.405238 1.35491
8.935 -0.412007 1.35287
8.94 -0.418767 1.35079
8.945 -0.425515 1.34868
8.95 -0.432253 1.34654
8.955 -0.438981 1.34436
8.96 -0.445697 1.34215
8.965 -0.452402 1.3399
8.97 -0.459096 1.33762
8.975 -0.465778 1.33531
8.98 -0.472449 1.33296
8.985 -0.479108 1.33058
8.99 -0.485755 1.32817
8.995 -0.492389 1.32573
9 -0.499012 1.32325
9.005 -0.505622 1.32074
9.01 -0.512219 1.31819
9.015 -0.518804 1.31561
9.02 -0.525375 1.313
9.025 -0.531934 1.31036
9.03 -0.538479 1.30769
9.035 -0.54501 1.30498
9.04 -0.551528 1.30224
9.045 -0.558033 1.29946
9.05 -0.564523 1.29665
9.055 -0.570999 1.29382
9.06 -0.577461 1.29094
9.065 -0.583909 1.28804
9.07 -0.590341 1.28511
9.075 -0.59676 1.28214
9.08 -0.603163 1.27914
9.085 -0.609551 1.27611
9.09 -0.615924 1.27304
9.095 -0.622281 1.26995
9.1 -0.628623 1.26682
9.105 -0.634949 1.26366
9.11 -0.64126 1.26047
9.115 -0.647554 1.25725
9.12 -0.653832 1.25399
9.125 -0.660094 1.25071
9.13 -0.666339 1.24739
9.135 -0.672568 1.24405
9.14 -0.67878 1.24067
9.145 -0.684975 1.23726
9.15 -0.691152 1.23382
9.155 -0.697313 1.23035
9.16 -0.703456 1.22685
9.165 -0.709581 1.22331
9.17 -0.715689 1.21975
9.175 -0.721779 1.21616
9.18 -0.72785 1.21253
9.185 -0.733904 1.20888
9.19 -0.739939 1.20519
9.195 -0.745956 1.20148
9.2 -0.751954 1.19773
9.205 -0.757933 1.19396
9.21 -0.763893 1.19015
9.215 -0.769834 1.18632
9.22 -0.775756 1.18246
9.225 -0.781659 1.17856
9.23 -0.787542 1.17464
9.235 -0.793405 1.17069
9.24 -0.799249 1.16671
9.245 -0.805072 1.16269
9.25 -0.810876 1.15865
9.255 -0.816659 1.15459
9.26 -0.822421 1.15049
9.265 -0.828164 1.14636
9.27 -0.833885 1.14221
9.275 -0.839586 1.13802
9.28 -0.845265 1.13381
9.285 -0.850924 1.12957
9.29 -0.856561 1.1253
9.295 -0.862177 1.121
9.3 -0.867771 1.11668
9.305 -0.873343 1.11233
9.31 -0.878894 1.10795
9.315 -0.884423 1.10354
9.32 -0.889929 1.0991
9.325 -0.895414 1.09464
9.33 -0.900876 1.09015
9.335 -0.906315 1.08563
9.34 -0.911732 1.08108
9.345 -0.917126 1.07651
9.35 -0.922497 1.07191
9.355 -0.927845 1.06729
9.36 -0.93317 1.06264
9.365 -0.938471 1.05796
9.37 -0.943749 1.05325
9.375 -0.949004 1.04852
9.38 -0.954235 1.04376
9.385 -0.959441 1.03898
9.39 -0.964624 1.03417
9.395 -0.969783 1.02933
9.4 -0.974918 1.02447
9.405 -0.980028 1.01958
9.41 -0.985113 1.01467
9.415 -0.990174 1.00973
9.42 -0.995211 1.00477
9.425 -1.00022 0.999778
9.43 -1.00521 0.994764
9.435 -1.01017 0.989726
9.44 -1.01511 0.984663
9.445 -1.02002 0.979575
9.45 -1.0249 0.974463
9.455 -1.02976 0.969326
9.46 -1.03459 0.964165
9.465 -1.0394 0.95898
9.47 -1.04418 0.953771
9.475 -1.04894 0.948538
9.48 -1.05367 0.943282
9.485 -1.05837 0.938002
9.49 -1.06305 0.932698
9.495 -1.0677 0.927371
9.5 -1.07232 0.922021
9.505 -1.07692 0.916648
9.51 -1.08149 0.911252
9.515 -1.08603 0.905833
9.52 -1.09055 0.900392
9.525 -1.09504 0.894928
9.53 -1.0995 0.889441
9.535 -1.10393 0.883933
9.54 -1.10834 0.878402
9.545 -1.11271 0.872849
9.55 -1.11706 0.867275
9.555 -1.12139 0.861679
9.56 -1.12568 0.856061
9.565 -1.12995 0.850422
9.57 -1.13419 0.844762
9.575 -1.1384 0.83908
9.58 -1.14258 0.833378
9.585 -1.14673 0.827654
9.59 -1.15085 0.821911
9.595 -1.15495 0.816146
9.6 -1.15901 0.810361
9.605 -1.16305 0.804556
9.61 -1.16706 0.798731
9.615 -1.17104 0.792885
9.62 -1.17499 0.78702
9.625 -1.17891 0.781136
9.63 -1.1828 0.775231
9.635 -1.18666 0.769308
9.64 -1.19049 0.763365
9.645 -1.1943 0.757403
9.65 -1.19807 0.751422
9.655 -1.20181 0.745422
9.66 -1.20552 0.739404
9.665 -1.2092 0.733367
9.67 -1.21286 0.727312
9.675 -1.21648 0.721238
9.68 -1.22007 0.715147
9.685 -1.22363 0.709038
9.69 -1.22716 0.702911
9.695 -1.23066 0.696766
9.7 -1.23413 0.690604
9.705 -1.23756 0.684425
9.71 -1.24097 0.678229
9.715 -1.24435 0.672015
9.72 -1.24769 0.665785
9.725 -1.251 0.659539
9.73 -1.25429 0.653275
9.735 -1.25754 0.646996
9.74 -1.26076 0.6407
9.745 -1.26394 0.634388
9.75 -1.2671 0.628061
9.755 -1.27022 0.621717
9.76 -1.27332 0.615358
9.765 -1.27638 0.608984
9.77 -1.27941 0.602595
9.775 -1.2824 0.59619
9.78 -1.28537 0.589771
9.785 -1.2883 0.583337
9.79 -1.2912 0.576888
9.795 -1.29407 0.570425
9.8 -1.29691 0.563947
9.805 -1.29971 0.557456
9.81 -1.30248 0.55095
9.815 -1.30522 0.544431
9.82 -1.30792 0.537898
9.825 -1.3106 0.531352
9.83 -1.31324 0.524792
9.835 -1.31585 0.518219
9.84 -1.31842 0.511634
9.845 -1.32096 0.505035
9.85 -1.32347 0.498424
9.855 -1.32595 0.491801
9.86 -1.32839 0.485165
9.865 -1.3308 0.478517
9.87 -1.33317 0.471857
9.875 -1.33552 0.465185
9.88 -1.33783 0.458502
9.885 -1.3401 0.451807
9.89 -1.34234 0.445101
9.895 -1.34455 0.438383
9.9 -1.34673 0.431655
9.905 -1.34887 0.424916
9.91 -1.35098 0.418167
9.915 -1.35305 0.411407
9.92 -1.35509 0.404636
9.925 -1.3571 0.397856
9.93 -1.35907 0.391065
9.935 -1.36101 0.384265
9.94 -1.36291 0.377455
9.945 -1.36478 0.370636
9.95 -1.36662 0.363808
9.955 -1.36842 0.35697
9.96 -1.37019 0.350123
9.965 -1.37192 0.343268
9.97 -1.37362 0.336404
9.975 -1.37528 0.329532
9.98 -1.37692 0.322651
9.985 -1.37851 0.315763
9.99 -1.38007 0.308866
9.995 -1.3816 0.301962
10 -1.38309 0.29505
