0 1 1
0.01 1.01 0.92
0.02 1.02091 0.846584
0.03 1.03268 0.779211
0.04 1.04529 0.717384
0.05 1.0587 0.660643
0.06 1.07288 0.608567
0.07 1.08781 0.560769
0.08 1.10346 0.516892
0.09 1.11983 0.47661
0.1 1.13689 0.439624
0.11 1.15463 0.405657
0.12 1.17303 0.374459
0.13 1.1921 0.345798
0.14 1.21182 0.319463
0.15 1.23219 0.295259
0.16 1.25319 0.27301
0.17 1.27484 0.252551
0.18 1.29711 0.233736
0.19 1.32002 0.216426
0.2 1.34357 0.200497
0.21 1.36774 0.185835
0.22 1.39256 0.172335
0.23 1.41801 0.159901
0.24 1.4441 0.148446
0.25 1.47084 0.137889
0.26 1.49823 0.128156
0.27 1.52627 0.11918
0.28 1.55498 0.1109
0.29 1.58435 0.103259
0.3 1.61441 0.0962054
0.31 1.64514 0.0896912
0.32 1.67657 0.0836732
0.33 1.7087 0.0781115
0.34 1.74154 0.0729697
0.35 1.7751 0.0682144
0.36 1.80939 0.0638147
0.37 1.84442 0.0597425
0.38 1.88021 0.0559721
0.39 1.91676 0.0524796
0.4 1.95409 0.0492435
0.41 1.99221 0.0462437
0.42 2.03113 0.0434618
0.43 2.07087 0.0408812
0.44 2.11144 0.0384863
0.45 2.15286 0.0362629
0.46 2.19513 0.0341979
0.47 2.23829 0.0322795
0.48 2.28233 0.0304966
0.49 2.32728 0.028839
0.5 2.37315 0.0272974
0.51 2.41997 0.0258633
0.52 2.46774 0.0245287
0.53 2.51649 0.0232865
0.54 2.56624 0.0221298
0.55 2.61699 0.0210527
0.56 2.66878 0.0200493
0.57 2.72162 0.0191145
0.58 2.77553 0.0182435
0.59 2.83054 0.0174319
0.6 2.88666 0.0166755
0.61 2.94391 0.0159707
0.62 3.00232 0.0153139
0.63 3.0619 0.0147021
0.64 3.12269 0.0141322
0.65 3.1847 0.0136016
0.66 3.24796 0.0131078
0.67 3.3125 0.0126485
0.68 3.37833 0.0122216
0.69 3.44548 0.0118252
0.7 3.51398 0.0114575
0.71 3.58386 0.011117
0.72 3.65514 0.0108022
0.73 3.72785 0.0105116
0.74 3.80201 0.0102442
0.75 3.87766 0.00999872
0.76 3.95483 0.00977428
0.77 4.03354 0.00956996
0.78 4.11382 0.00938498
0.79 4.19571 0.00921865
0.8 4.27924 0.00907036
0.81 4.36444 0.00893961
0.82 4.45134 0.00882597
0.83 4.53997 0.00872912
0.84 4.63037 0.00864881
0.85 4.72258 0.00858487
0.86 4.81663 0.00853724
0.87 4.91255 0.00850593
0.88 5.01038 0.00849105
0.89 5.11016 0.00849282
0.9 5.21193 0.00851153
0.91 5.31573 0.00854761
0.92 5.42159 0.00860158
0.93 5.52955 0.00867411
0.94 5.63966 0.00876598
0.95 5.75196 0.00887812
0.96 5.86649 0.00901164
0.97 5.98329 0.00916781
0.98 6.10241 0.0093481
0.99 6.22389 0.00955421
1 6.34777 0.00978808
1.01 6.47411 0.0100519
1.02 6.60294 0.0103483
1.03 6.73431 0.01068
1.04 6.86828 0.0110505
1.05 7.00489 0.0114634
1.06 7.14418 0.011923
1.07 7.28621 0.0124343
1.08 7.43103 0.0130029
1.09 7.57868 0.0136351
1.1 7.72923 0.0143383
1.11 7.8827 0.015121
1.12 8.03916 0.0159927
1.13 8.19866 0.0169648
1.14 8.36124 0.0180501
1.15 8.52696 0.0192636
1.16 8.69586 0.0206224
1.17 8.86798 0.0221467
1.18 9.04338 0.02386
1.19 9.22208 0.0257895
1.2 9.40415 0.0279672
1.21 9.5896 0.0304306
1.22 9.77848 0.0332239
1.23 9.9708 0.0363991
1.24 10.1666 0.0400178
1.25 10.3658 0.0441529
1.26 10.5686 0.0488912
1.27 10.7748 0.0543363
1.28 10.9844 0.0606119
1.29 11.1975 0.0678665
1.3 11.4138 0.0762785
1.31 11.6334 0.0860632
1.32 11.856 0.097481
1.33 12.0816 0.110848
1.34 12.3098 0.126547
1.35 12.5405 0.145048
1.36 12.7731 0.166923
1.37 13.0072 0.192873
1.38 13.2423 0.22376
1.39 13.4775 0.260646
1.4 13.7119 0.304839
1.41 13.9444 0.357953
1.42 14.1733 0.421986
1.43 14.397 0.499407
1.44 14.613 0.593265
1.45 14.8186 0.707326
1.46 15.0101 0.846225
1.47 15.1833 1.01564
1.48 15.3328 1.22249
1.49 15.452 1.47513
1.5 15.5331 1.78349
1.51 15.5667 2.1592
1.52 15.5419 2.61552
1.53 15.4463 3.16697
1.54 15.266 3.82864
1.55 14.9869 4.61473
1.56 14.595 5.53647
1.57 14.0789 6.59892
1.58 13.4314 7.79713
1.59 12.6527 9.11194
1.6 11.7529 10.5066
1.61 10.7531 11.9256
1.62 9.68582 13.2977
1.63 8.59154 14.544
1.64 7.51382 15.5887
1.65 6.49279 16.3724
1.66 5.55962 16.8612
1.67 4.73339 17.0499
1.68 4.02102 16.959
1.69 3.41951 16.627
1.7 2.91934 16.1014
1.71 2.50767 15.4314
1.72 2.17086 14.6622
1.73 1.89598 13.8325
1.74 1.67164 12.9738
1.75 1.4882 12.1102
1.76 1.33774 11.2596
1.77 1.21387 10.4349
1.78 1.11148 9.64474
1.79 1.02651 8.89466
1.8 0.955735 8.18781
1.81 0.896596 7.52553
1.82 0.847054 6.90793
1.83 0.805482 6.33416
1.84 0.770571 5.80279
1.85 0.741267 5.31194
1.86 0.716717 4.8595
1.87 0.696223 4.4432
1.88 0.679213 4.06075
1.89 0.665216 3.70984
1.9 0.653842 3.38821
1.91 0.644765 3.0937
1.92 0.637713 2.82422
1.93 0.632457 2.57782
1.94 0.628802 2.35265
1.95 0.626585 2.14697
1.96 0.625664 1.95918
1.97 0.625919 1.78778
1.98 0.627248 1.63138
1.99 0.62956 1.48871
2 0.632779 1.35858
2.01 0.636838 1.23992
2.02 0.641678 1.13172
2.03 0.64725 1.03307
2.04 0.653508 0.943135
2.05 0.660415 0.861148
2.06 0.667936 0.786408
2.07 0.676042 0.718272
2.08 0.684707 0.656157
2.09 0.693909 0.599526
2.1 0.703627 0.547894
2.11 0.713844 0.500815
2.12 0.724546 0.457884
2.13 0.735719 0.41873
2.14 0.747353 0.383019
2.15 0.759437 0.350442
2.16 0.771965 0.32072
2.17 0.784928 0.2936
2.18 0.798322 0.268849
2.19 0.812142 0.246257
2.2 0.826385 0.225631
2.21 0.841048 0.206797
2.22 0.85613 0.189596
2.23 0.871629 0.173883
2.24 0.887546 0.159526
2.25 0.903882 0.146405
2.26 0.920636 0.134411
2.27 0.937811 0.123445
2.28 0.95541 0.113416
2.29 0.973434 0.104241
2.3 0.991888 0.0958466
2.31 1.01078 0.0881633
2.32 1.0301 0.0811292
2.33 1.04987 0.0746877
2.34 1.07008 0.0687872
2.35 1.09074 0.0633806
2.36 1.11187 0.0584252
2.37 1.13346 0.0538819
2.38 1.15551 0.0497152
2.39 1.17805 0.0458926
2.4 1.20107 0.0423846
2.41 1.22458 0.0391643
2.42 1.24859 0.0362071
2.43 1.27311 0.0334905
2.44 1.29815 0.0309942
2.45 1.32371 0.0286995
2.46 1.34981 0.0265893
2.47 1.37644 0.0246482
2.48 1.40363 0.0228619
2.49 1.43138 0.0212175
2.5 1.45971 0.0197032
2.51 1.48861 0.0183081
2.52 1.51811 0.0170223
2.53 1.54822 0.015837
2.54 1.57894 0.0147436
2.55 1.61028 0.0137349
2.56 1.64227 0.0128037
2.57 1.6749 0.0119439
2.58 1.7082 0.0111496
2.59 1.74217 0.0104155
2.6 1.77684 0.00973691
2.61 1.8122 0.00910924
2.62 1.84828 0.00852847
2.63 1.88509 0.00799088
2.64 1.92264 0.00749306
2.65 1.96095 0.00703188
2.66 2.00003 0.00660448
2.67 2.0399 0.00620821
2.68 2.08057 0.00584068
2.69 2.12206 0.00549965
2.7 2.16438 0.00518309
2.71 2.20756 0.00488915
2.72 2.2516 0.00461609
2.73 2.29653 0.00436236
2.74 2.34236 0.00412649
2.75 2.38911 0.00390715
2.76 2.4368 0.00370313
2.77 2.48544 0.00351329
2.78 2.53507 0.0033366
2.79 2.58568 0.00317211
2.8 2.63731 0.00301894
2.81 2.68998 0.00287629
2.82 2.7437 0.0027434
2.83 2.7985 0.0026196
2.84 2.8544 0.00250426
2.85 2.91142 0.0023968
2.86 2.96957 0.00229668
2.87 3.0289 0.00220342
2.88 3.08941 0.00211655
2.89 3.15113 0.00203568
2.9 3.21409 0.0019604
2.91 3.27831 0.00189038
2.92 3.34381 0.00182529
2.93 3.41063 0.00176483
2.94 3.47878 0.00170873
2.95 3.5483 0.00165674
2.96 3.6192 0.00160864
2.97 3.69153 0.00156421
2.98 3.7653 0.00152328
2.99 3.84055 0.00148566
3 3.91731 0.00145121
3.01 3.99559 0.00141979
3.02 4.07545 0.00139127
3.03 4.1569 0.00136554
3.04 4.23998 0.00134252
3.05 4.32473 0.00132211
3.06 4.41116 0.00130425
3.07 4.49933 0.00128889
3.08 4.58926 0.00127599
3.09 4.68098 0.00126551
3.1 4.77454 0.00125743
3.11 4.86998 0.00125176
3.12 4.96731 0.00124851
3.13 5.0666 0.00124769
3.14 5.16787 0.00124935
3.15 5.27116 0.00125355
3.16 5.37652 0.00126034
3.17 5.48398 0.00126984
3.18 5.59359 0.00128213
3.19 5.70539 0.00129735
3.2 5.81942 0.00131565
3.21 5.93573 0.00133721
3.22 6.05437 0.00136224
3.23 6.17538 0.00139096
3.24 6.2988 0.00142366
3.25 6.42468 0.00146064
3.26 6.55308 0.00150226
3.27 6.68405 0.00154892
3.28 6.81762 0.00160109
3.29 6.95387 0.0016593
3.3 7.09283 0.00172414
3.31 7.23456 0.00179631
3.32 7.37912 0.00187658
3.33 7.52657 0.00196588
3.34 7.67695 0.00206522
3.35 7.83033 0.00217578
3.36 7.98677 0.00229895
3.37 8.14632 0.00243628
3.38 8.30905 0.00258958
3.39 8.47501 0.00276096
3.4 8.64428 0.00295285
3.41 8.81691 0.00316807
3.42 8.99297 0.00340992
3.43 9.17252 0.00368223
3.44 9.35563 0.00398952
3.45 9.54237 0.00433705
3.46 9.73281 0.00473106
3.47 9.927 0.00517889
3.48 10.125 0.00568922
3.49 10.327 0.00627236
3.5 10.5328 0.00694062
3.51 10.7428 0.00770864
3.52 10.9568 0.00859402
3.53 11.175 0.00961788
3.54 11.3974 0.0108057
3.55 11.6241 0.0121883
3.56 11.8552 0.013803
3.57 12.0907 0.0156954
3.58 12.3306 0.0179213
3.59 12.575 0.0205487
3.6 12.8239 0.0236618
3.61 13.0773 0.0273644
3.62 13.3353 0.031785
3.63 13.5978 0.0370838
3.64 13.8647 0.0434606
3.65 14.136 0.0511659
3.66 14.4114 0.0605149
3.67 14.691 0.0719055
3.68 14.9742 0.0858422
3.69 15.2608 0.102966
3.7 15.5503 0.124097
3.71 15.8421 0.150282
3.72 16.1351 0.182869
3.73 16.4283 0.223595
3.74 16.7201 0.274701
3.75 17.0086 0.339091
3.76 17.2911 0.420531
3.77 17.5642 0.523907
3.78 17.8235 0.655557
3.79 18.0631 0.823687
3.8 18.2756 1.03888
3.81 18.4512 1.31472
3.82 18.5777 1.66841
3.83 18.6393 2.12147
3.84 18.6166 2.70018
3.85 18.4863 3.43553
3.86 18.2209 4.36218
3.87 17.7905 5.51561
3.88 17.165 6.92656
3.89 16.3194 8.61179
3.9 15.2404 10.5614
3.91 13.9356 12.7245
3.92 12.4411 14.9985
3.93 10.8239 17.2306
3.94 9.17538 19.2376
3.95 7.59377 20.844
3.96 6.1628 21.9253
3.97 4.93484 22.4352
3.98 3.92639 22.406
3.99 3.12518 21.9249
4 2.50249 21.1028
4.01 2.02444 20.0487
4.02 1.65906 18.8556
4.03 1.37941 17.5957
4.04 1.16429 16.3215
4.05 0.997542 15.0694
4.06 0.867169 13.8631
4.07 0.764295 12.7173
4.08 0.682384 11.6399
4.09 0.616602 10.6348
4.1 0.56336 9.70246
4.11 0.519968 8.84154
4.12 0.484394 8.04933
4.13 0.455091 7.32238
4.14 0.43087 6.65679
4.15 0.410805 6.04847
4.16 0.394174 5.49332
4.17 0.380404 4.98729
4.18 0.36904 4.52651
4.19 0.359716 4.10727
4.2 0.352136 3.72609
4.21 0.346058 3.37972
4.22 0.341283 3.06514
4.23 0.337648 2.77955
4.24 0.335016 2.52036
4.25 0.333273 2.28521
4.26 0.332322 2.07193
4.27 0.332083 1.8785
4.28 0.332487 1.70313
4.29 0.333474 1.54414
4.3 0.334994 1.40003
4.31 0.337004 1.2694
4.32 0.339466 1.15102
4.33 0.342348 1.04373
4.34 0.345622 0.946505
4.35 0.349263 0.858397
4.36 0.35325 0.778554
4.37 0.357565 0.706199
4.38 0.362191 0.640629
4.39 0.367114 0.581207
4.4 0.372323 0.527354
4.41 0.377806 0.478545
4.42 0.383554 0.434307
4.43 0.389559 0.394207
4.44 0.395815 0.357858
4.45 0.402315 0.324905
4.46 0.409054 0.295029
4.47 0.416028 0.26794
4.48 0.423234 0.243375
4.49 0.430669 0.221098
4.5 0.43833 0.200892
4.51 0.446216 0.182564
4.52 0.454325 0.165937
4.53 0.462658 0.150851
4.54 0.471213 0.137162
4.55 0.479991 0.124738
4.56 0.488992 0.113462
4.57 0.498217 0.103225
4.58 0.507667 0.0939315
4.59 0.517344 0.085492
4.6 0.527248 0.0778274
4.61 0.537383 0.0708654
4.62 0.54775 0.0645405
4.63 0.558351 0.0587935
4.64 0.56919 0.0535707
4.65 0.580269 0.0488234
4.66 0.591591 0.0445077
4.67 0.60316 0.0405835
4.68 0.614978 0.0370147
4.69 0.62705 0.0337685
4.7 0.639379 0.0308152
4.71 0.65197 0.0281277
4.72 0.664826 0.0256817
4.73 0.677952 0.023455
4.74 0.691352 0.0214275
4.75 0.70503 0.0195811
4.76 0.718993 0.0178991
4.77 0.733244 0.0163665
4.78 0.747789 0.0149699
4.79 0.762633 0.0136968
4.8 0.777781 0.012536
4.81 0.793239 0.0114774
4.82 0.809013 0.0105118
4.83 0.825108 0.00963068
4.84 0.841531 0.00882654
4.85 0.858287 0.00809244
4.86 0.875384 0.00742211
4.87 0.892826 0.00680985
4.88 0.910622 0.00625046
4.89 0.928777 0.00573925
4.9 0.9473 0.00527194
4.91 0.966196 0.00484462
4.92 0.985473 0.00445378
4.93 1.00514 0.00409618
4.94 1.0252 0.00376891
4.95 1.04567 0.0034693
4.96 1.06654 0.00319492
4.97 1.08784 0.00294358
4.98 1.10956 0.00271326
4.99 1.13173 0.00250215
5 1.15433 0.00230857
5.01 1.17739 0.00213101
5.02 1.20091 0.00196809
5.03 1.22491 0.00181855
5.04 1.24938 0.00168125
5.05 1.27435 0.00155513
5.06 1.29982 0.00143925
5.07 1.3258 0.00133274
5.08 1.35229 0.00123481
5.09 1.37932 0.00114472
5.1 1.40689 0.00106183
5.11 1.43502 0.000985525
5.12 1.4637 0.000915258
5.13 1.49296 0.000850525
5.14 1.52281 0.000790869
5.15 1.55325 0.000735869
5.16 1.58431 0.000685142
5.17 1.61598 0.000638337
5.18 1.64829 0.000595134
5.19 1.68125 0.00055524
5.2 1.71486 0.000518386
5.21 1.74915 0.000484327
5.22 1.78413 0.000452837
5.23 1.8198 0.000423712
5.24 1.85619 0.000396762
5.25 1.89331 0.000371815
5.26 1.93117 0.000348713
5.27 1.96978 0.00032731
5.28 2.00917 0.000307474
5.29 2.04935 0.000289082
5.3 2.09033 0.000272022
5.31 2.13213 0.000256192
5.32 2.17477 0.000241498
5.33 2.21826 0.000227852
5.34 2.26262 0.000215175
5.35 2.30787 0.000203395
5.36 2.35402 0.000192444
5.37 2.40109 0.00018226
5.38 2.44911 0.000172786
5.39 2.49809 0.000163971
5.4 2.54805 0.000155766
5.41 2.599 0.000148128
5.42 2.65098 0.000141014
5.43 2.704 0.00013439
5.44 2.75807 0.000128218
5.45 2.81323 0.000122469
5.46 2.86949 0.000117113
5.47 2.92688 0.000112123
5.48 2.98541 0.000107474
5.49 3.04512 0.000103144
5.5 3.10602 9.91109e-05
5.51 3.16813 9.53567e-05
5.52 3.23149 9.1863e-05
5.53 3.29612 8.86138e-05
5.54 3.36204 8.55941e-05
5.55 3.42928 8.27901e-05
5.56 3.49786 8.01893e-05
5.57 3.56782 7.77802e-05
5.58 3.63917 7.55523e-05
5.59 3.71195 7.3496e-05
5.6 3.78619 7.16027e-05
5.61 3.86191 6.98644e-05
5.62 3.93914 6.82742e-05
5.63 4.01792 6.68256e-05
5.64 4.09828 6.5513e-05
5.65 4.18024 6.43316e-05
5.66 4.26384 6.32768e-05
5.67 4.34912 6.23452e-05
5.68 4.4361 6.15336e-05
5.69 4.52482 6.08396e-05
5.7 4.61531 6.02614e-05
5.71 4.70761 5.97978e-05
5.72 4.80176 5.94481e-05
5.73 4.8978 5.92124e-05
5.74 4.99575 5.90914e-05
5.75 5.09566 5.90864e-05
5.76 5.19757 5.91994e-05
5.77 5.30152 5.94333e-05
5.78 5.40755 5.97917e-05
5.79 5.51569 6.02791e-05
5.8 5.626 6.09008e-05
5.81 5.73852 6.16633e-05
5.82 5.85329 6.25741e-05
5.83 5.97035 6.36419e-05
5.84 6.08975 6.4877e-05
5.85 6.21154 6.6291e-05
5.86 6.33577 6.78973e-05
5.87 6.46248 6.97112e-05
5.88 6.59173 7.17503e-05
5.89 6.72356 7.40344e-05
5.9 6.85802 7.65865e-05
5.91 6.99518 7.94325e-05
5.92 7.13508 8.26021e-05
5.93 7.27777 8.61293e-05
5.94 7.42332 9.0053e-05
5.95 7.57178 9.44175e-05
5.96 7.72321 9.9274e-05
5.97 7.87767 0.000104681
5.98 8.03521 0.000110706
5.99 8.19591 0.000117426
6 8.35982 0.000124932
6.01 8.527 0.000133326
6.02 8.69753 0.000142731
6.03 8.87147 0.000153286
6.04 9.04888 0.000165155
6.05 9.22985 0.000178529
6.06 9.41443 0.000193632
6.07 9.6027 0.000210728
6.08 9.79473 0.000230126
6.09 9.9906 0.000252194
6.1 10.1904 0.000277366
6.11 10.3942 0.000306159
6.12 10.602 0.000339188
6.13 10.814 0.000377191
6.14 11.0303 0.000421051
6.15 11.2508 0.000471832
6.16 11.4758 0.000530818
6.17 11.7052 0.000599568
6.18 11.9393 0.000679973
6.19 12.178 0.000774343
6.2 12.4214 0.000885507
6.21 12.6698 0.00101694
6.22 12.923 0.00117294
6.23 13.1813 0.0013588
6.24 13.4448 0.00158114
6.25 13.7135 0.00184818
6.26 13.9875 0.00217027
6.27 14.2669 0.00256037
6.28 14.5519 0.00303491
6.29 14.8425 0.00361469
6.3 15.1388 0.00432624
6.31 15.4409 0.0052035
6.32 15.749 0.00629009
6.33 16.0629 0.00764233
6.34 16.383 0.00933326
6.35 16.7091 0.0114581
6.36 17.0414 0.0141413
6.37 17.3798 0.017547
6.38 17.7243 0.0218915
6.39 18.0749 0.0274626
6.4 18.4315 0.0346441
6.41 18.7937 0.0439505
6.42 19.1613 0.0560753
6.43 19.5338 0.0719573
6.44 19.9104 0.0928736
6.45 20.2902 0.120569
6.46 20.6715 0.15744
6.47 21.0524 0.206786
6.48 21.4299 0.273174
6.49 21.8 0.362939
6.5 22.1568 0.484886
6.51 22.4925 0.651268
6.52 22.7959 0.879115
6.53 23.0514 1.19201
6.54 23.2377 1.62236
6.55 23.3254 2.21412
6.56 23.2755 3.02561
6.57 23.0368 4.1315
6.58 22.5457 5.62187
6.59 21.7292 7.59467
6.6 20.5135 10.1357
6.61 18.8446 13.2805
6.62 16.7188 16.9578
6.63 14.218 20.9323
6.64 11.5262 24.7914
6.65 8.89925 28.0273
6.66 6.58302 30.213
6.67 4.72575 31.1695
6.68 3.34727 30.9986
6.69 2.37661 29.9739
6.7 1.71178 28.4012
6.71 1.25985 26.5335
6.72 0.950765 24.5487
6.73 0.73638 22.5606
6.74 0.584976 20.6368
6.75 0.475955 18.8146
6.76 0.395925 17.1122
6.77 0.336092 15.5365
6.78 0.290597 14.0873
6.79 0.255472 12.7604
6.8 0.227982 11.5496
6.81 0.206211 10.4473
6.82 0.188791 9.44564
6.83 0.174735 8.53674
6.84 0.163313 7.7129
6.85 0.153983 6.9668
6.86 0.146335 6.29158
6.87 0.140055 5.68084
6.88 0.1349 5.12866
6.89 0.130679 4.62963
6.9 0.127243 4.17877
6.91 0.12447 3.77153
6.92 0.122265 3.40376
6.93 0.120549 3.07171
6.94 0.119257 2.77195
6.95 0.118336 2.50136
6.96 0.117743 2.25715
6.97 0.11744 2.03675
6.98 0.117397 1.83786
6.99 0.117588 1.65839
7 0.117989 1.49645
7.01 0.118583 1.35033
7.02 0.119354 1.2185
7.03 0.120286 1.09956
7.04 0.12137 0.992251
7.05 0.122593 0.895434
7.06 0.123947 0.808086
7.07 0.125424 0.729281
7.08 0.127018 0.658182
7.09 0.128722 0.594036
7.1 0.130532 0.536162
7.11 0.132443 0.483945
7.12 0.134451 0.436833
7.13 0.136552 0.394324
7.14 0.138745 0.355968
7.15 0.141026 0.321359
7.16 0.143393 0.29013
7.17 0.145845 0.261949
7.18 0.14838 0.236518
7.19 0.150997 0.213568
7.2 0.153694 0.192856
7.21 0.156472 0.174164
7.22 0.159329 0.157292
7.23 0.162265 0.142064
7.24 0.165279 0.128319
7.25 0.168373 0.115911
7.26 0.171545 0.10471
7.27 0.174796 0.0945985
7.28 0.178127 0.0854694
7.29 0.181537 0.0772269
7.3 0.185028 0.0697846
7.31 0.188599 0.0630644
7.32 0.192252 0.0569959
7.33 0.195988 0.0515154
7.34 0.199807 0.0465658
7.35 0.20371 0.0420953
7.36 0.207698 0.0380573
7.37 0.211773 0.0344096
7.38 0.215936 0.0311144
7.39 0.220187 0.0281374
7.4 0.224529 0.0254475
7.41 0.228962 0.023017
7.42 0.233489 0.0208207
7.43 0.23811 0.0188359
7.44 0.242827 0.017042
7.45 0.247643 0.0154206
7.46 0.252557 0.0139549
7.47 0.257573 0.0126299
7.48 0.262692 0.011432
7.49 0.267916 0.0103488
7.5 0.273246 0.0093694
7.51 0.278686 0.00848366
7.52 0.284236 0.00768258
7.53 0.289899 0.006958
7.54 0.295677 0.00630254
7.55 0.301571 0.00570956
7.56 0.307586 0.00517304
7.57 0.313721 0.00468756
7.58 0.319981 0.00424821
7.59 0.326367 0.00385058
7.6 0.332882 0.00349065
7.61 0.339528 0.00316483
7.62 0.346308 0.00286984
7.63 0.353224 0.00260273
7.64 0.360279 0.00236084
7.65 0.367476 0.00214177
7.66 0.374818 0.00194333
7.67 0.382307 0.00176357
7.68 0.389946 0.0016007
7.69 0.397739 0.00145311
7.7 0.405688 0.00131936
7.71 0.413797 0.00119813
7.72 0.422068 0.00108823
7.73 0.430504 0.000988594
7.74 0.43911 0.000898246
7.75 0.447888 0.00081631
7.76 0.456843 0.000741992
7.77 0.465976 0.000674572
7.78 0.475292 0.000613401
7.79 0.484795 0.000557892
7.8 0.494489 0.000507512
7.81 0.504376 0.00046178
7.82 0.514461 0.00042026
7.83 0.524748 0.000382558
7.84 0.535241 0.000348318
7.85 0.545944 0.000317214
7.86 0.556861 0.000288957
7.87 0.567997 0.000263279
7.88 0.579355 0.000239942
7.89 0.590941 0.000218728
7.9 0.602758 0.00019944
7.91 0.614812 0.000181901
7.92 0.627107 0.000165947
7.93 0.639649 0.000151434
7.94 0.652441 0.000138228
7.95 0.665488 0.000126209
7.96 0.678797 0.000115268
7.97 0.692373 0.000105306
7.98 0.706219 9.62334e-05
7.99 0.720343 8.79693e-05
8 0.734749 8.04397e-05
8.01 0.749444 7.35778e-05
8.02 0.764432 6.73229e-05
8.03 0.77972 6.16199e-05
8.04 0.795314 5.64188e-05
8.05 0.81122 5.16743e-05
8.06 0.827444 4.73453e-05
8.07 0.843992 4.33943e-05
8.08 0.860872 3.97873e-05
8.09 0.878089 3.64936e-05
8.1 0.89565 3.34852e-05
8.11 0.913563 3.07365e-05
8.12 0.931834 2.82244e-05
8.13 0.95047 2.5928e-05
8.14 0.96948 2.38281e-05
8.15 0.988869 2.19073e-05
8.16 1.00865 2.01498e-05
8.17 1.02882 1.85413e-05
8.18 1.04939 1.70687e-05
8.19 1.07038 1.57201e-05
8.2 1.09179 1.44846e-05
8.21 1.11363 1.33524e-05
8.22 1.1359 1.23146e-05
8.23 1.15862 1.13629e-05
8.24 1.18179 1.04899e-05
8.25 1.20542 9.68883e-06
8.26 1.22953 8.95353e-06
8.27 1.25412 8.27835e-06
8.28 1.27921 7.65816e-06
8.29 1.30479 7.08827e-06
8.3 1.33088 6.56441e-06
8.31 1.3575 6.0827e-06
8.32 1.38465 5.63958e-06
8.33 1.41235 5.2318e-06
8.34 1.44059 4.8564e-06
8.35 1.4694 4.51068e-06
8.36 1.49879 4.19217e-06
8.37 1.52877 3.89862e-06
8.38 1.55934 3.62796e-06
8.39 1.59053 3.37831e-06
8.4 1.62234 3.14794e-06
8.41 1.65479 2.93529e-06
8.42 1.68788 2.73891e-06
8.43 1.72164 2.55748e-06
8.44 1.75607 2.38979e-06
8.45 1.79119 2.23474e-06
8.46 1.82702 2.09133e-06
8.47 1.86356 1.95861e-06
8.48 1.90083 1.83575e-06
8.49 1.93885 1.72196e-06
8.5 1.97762 1.61654e-06
8.51 2.01718 1.51882e-06
8.52 2.05752 1.42822e-06
8.53 2.09867 1.34417e-06
8.54 2.14064 1.26617e-06
8.55 2.18346 1.19376e-06
8.56 2.22712 1.12651e-06
8.57 2.27167 1.06404e-06
8.58 2.3171 1.00598e-06
8.59 2.36344 9.52001e-07
8.6 2.41071 9.01801e-07
8.61 2.45893 8.551e-07
8.62 2.5081 8.11643e-07
8.63 2.55827 7.71192e-07
8.64 2.60943 7.33531e-07
8.65 2.66162 6.9846e-07
8.66 2.71485 6.65795e-07
8.67 2.76915 6.35366e-07
8.68 2.82453 6.07018e-07
8.69 2.88102 5.80607e-07
8.7 2.93864 5.56001e-07
8.71 2.99742 5.33079e-07
8.72 3.05736 5.11728e-07
8.73 3.11851 4.91846e-07
8.74 3.18088 4.73338e-07
8.75 3.2445 4.56117e-07
8.76 3.30939 4.40103e-07
8.77 3.37558 4.25222e-07
8.78 3.44309 4.11407e-07
8.79 3.51195 3.98597e-07
8.8 3.58219 3.86734e-07
8.81 3.65383 3.75768e-07
8.82 3.72691 3.65651e-07
8.83 3.80145 3.56341e-07
8.84 3.87748 3.47799e-07
8.85 3.95503 3.39991e-07
8.86 4.03413 3.32885e-07
8.87 4.11481 3.26454e-07
8.88 4.19711 3.20675e-07
8.89 4.28105 3.15526e-07
8.9 4.36667 3.10989e-07
8.91 4.454 3.07049e-07
8.92 4.54308 3.03696e-07
8.93 4.63394 3.00921e-07
8.94 4.72662 2.98718e-07
8.95 4.82116 2.97085e-07
8.96 4.91758 2.96022e-07
8.97 5.01593 2.95534e-07
8.98 5.11625 2.95628e-07
8.99 5.21857 2.96316e-07
9 5.32295 2.97611e-07
9.01 5.4294 2.99533e-07
9.02 5.53799 3.02106e-07
9.03 5.64875 3.05356e-07
9.04 5.76173 3.09318e-07
9.05 5.87696 3.14031e-07
9.06 5.9945 3.19539e-07
9.07 6.11439 3.25894e-07
9.08 6.23668 3.33158e-07
9.09 6.36141 3.41398e-07
9.1 6.48864 3.50694e-07
9.11 6.61841 3.61135e-07
9.12 6.75078 3.72824e-07
9.13 6.8858 3.85879e-07
9.14 7.02351 4.00432e-07
9.15 7.16398 4.16638e-07
9.16 7.30726 4.3467e-07
9.17 7.45341 4.54728e-07
9.18 7.60248 4.77041e-07
9.19 7.75453 5.0187e-07
9.2 7.90962 5.29519e-07
9.21 8.06781 5.60333e-07
9.22 8.22917 5.94713e-07
9.23 8.39375 6.33121e-07
9.24 8.56162 6.76094e-07
9.25 8.73286 7.24254e-07
9.26 8.90751 7.78325e-07
9.27 9.08566 8.39151e-07
9.28 9.26738 9.07721e-07
9.29 9.45272 9.85192e-07
9.3 9.64178 1.07293e-06
9.31 9.83461 1.17253e-06
9.32 10.0313 1.28591e-06
9.33 10.2319 1.41531e-06
9.34 10.4366 1.5634e-06
9.35 10.6453 1.73339e-06
9.36 10.8582 1.9291e-06
9.37 11.0754 2.15512e-06
9.38 11.2969 2.41699e-06
9.39 11.5228 2.72138e-06
9.4 11.7533 3.0764e-06
9.41 11.9883 3.49191e-06
9.42 12.2281 3.97997e-06
9.43 12.4727 4.55532e-06
9.44 12.7221 5.23612e-06
9.45 12.9766 6.0448e-06
9.46 13.2361 7.00914e-06
9.47 13.5008 8.1637e-06
9.48 13.7708 9.55166e-06
9.49 14.0462 1.12272e-05
9.5 14.3272 1.32584e-05
9.51 14.6137 1.57317e-05
9.52 14.906 1.87565e-05
9.53 15.2041 2.24726e-05
9.54 15.5082 2.70588e-05
9.55 15.8183 3.27456e-05
9.56 16.1347 3.98306e-05
9.57 16.4574 4.87007e-05
9.58 16.7865 5.98603e-05
9.59 17.1222 7.39712e-05
9.6 17.4647 9.19051e-05
9.61 17.8139 0.000114816
9.62 18.1702 0.000144242
9.63 18.5336 0.000182235
9.64 18.9042 0.000231561
9.65 19.2823 0.000295955
9.66 19.6679 0.000380493
9.67 20.0611 0.000492113
9.68 20.4623 0.000640349
9.69 20.8714 0.000838374
9.7 21.2886 0.0011045
9.71 21.7142 0.00146431
9.72 22.1481 0.00195381
9.73 22.5907 0.00262389
9.74 23.0419 0.00354701
9.75 23.5019 0.0048269
9.76 23.9708 0.00661304
9.77 24.4486 0.00912213
9.78 24.9354 0.0126704
9.79 25.4309 0.0177222
9.8 25.935 0.0249638
9.81 26.4473 0.0354161
9.82 26.9668 0.0506077
9.83 27.4925 0.0728415
9.84 28.0224 0.105609
9.85 28.5532 0.154237
9.86 29.0802 0.226892
9.87 29.5959 0.336165
9.88 30.0883 0.50153
9.89 30.5391 0.75318
9.9 30.9199 1.13789
9.91 31.1865 1.72777
9.92 31.2714 2.63266
9.93 31.0735 4.01593
9.94 30.4471 6.11012
9.95 29.1957 9.21982
9.96 27.0878 13.6814
9.97 23.9236 19.7253
9.98 19.6831 27.1907
9.99 14.7248 35.1756
10 9.83973 42.0171
